sentence,combination,root,modifier,property,human_label_majority,meta.human_labels,meta.combination_human_relevance,meta.root_human_relevance,meta.modifier_human_relevance,meta.gpt-4o_cancellation,meta.combination_gpt-4o_relevance,meta.root_gpt-4o_relevance,meta.modifier_gpt4o_relevance,meta.toxicity,meta.modifier_gpt-4o_relevance,meta.gpt-4o_indiv_max,Meta-Llama-3.1-70B-Instruct_multi_0_generated_,Meta-Llama-3.1-70B-Instruct_multi_1_generated_,Meta-Llama-3.1-70B-Instruct_multi_2_generated_,Meta-Llama-3.1-70B-Instruct_multi_0_0_generated,Meta-Llama-3.1-70B-Instruct_multi_0_0_property,Meta-Llama-3.1-70B-Instruct_multi_0_0_combination_relevance,Meta-Llama-3.1-70B-Instruct_multi_0_0_root_relevance,Meta-Llama-3.1-70B-Instruct_multi_0_0_modifier_relevance,Meta-Llama-3.1-70B-Instruct_multi_0_0_indiv_max,Meta-Llama-3.1-70B-Instruct_multi_0_0_cancellation,Meta-Llama-3.1-70B-Instruct_multi_0_1_generated,Meta-Llama-3.1-70B-Instruct_multi_0_1_property,Meta-Llama-3.1-70B-Instruct_multi_0_1_combination_relevance,Meta-Llama-3.1-70B-Instruct_multi_0_1_root_relevance,Meta-Llama-3.1-70B-Instruct_multi_0_1_modifier_relevance,Meta-Llama-3.1-70B-Instruct_multi_0_1_indiv_max,Meta-Llama-3.1-70B-Instruct_multi_0_1_cancellation,Meta-Llama-3.1-70B-Instruct_multi_0_2_generated,Meta-Llama-3.1-70B-Instruct_multi_0_2_property,Meta-Llama-3.1-70B-Instruct_multi_0_2_combination_relevance,Meta-Llama-3.1-70B-Instruct_multi_0_2_root_relevance,Meta-Llama-3.1-70B-Instruct_multi_0_2_modifier_relevance,Meta-Llama-3.1-70B-Instruct_multi_0_2_indiv_max,Meta-Llama-3.1-70B-Instruct_multi_0_2_cancellation,Meta-Llama-3.1-70B-Instruct_multi_0_3_generated,Meta-Llama-3.1-70B-Instruct_multi_0_3_property,Meta-Llama-3.1-70B-Instruct_multi_0_3_combination_relevance,Meta-Llama-3.1-70B-Instruct_multi_0_3_root_relevance,Meta-Llama-3.1-70B-Instruct_multi_0_3_modifier_relevance,Meta-Llama-3.1-70B-Instruct_multi_0_3_indiv_max,Meta-Llama-3.1-70B-Instruct_multi_0_3_cancellation,Meta-Llama-3.1-70B-Instruct_multi_0_4_generated,Meta-Llama-3.1-70B-Instruct_multi_0_4_property,Meta-Llama-3.1-70B-Instruct_multi_0_4_combination_relevance,Meta-Llama-3.1-70B-Instruct_multi_0_4_root_relevance,Meta-Llama-3.1-70B-Instruct_multi_0_4_modifier_relevance,Meta-Llama-3.1-70B-Instruct_multi_0_4_indiv_max,Meta-Llama-3.1-70B-Instruct_multi_0_4_cancellation,Meta-Llama-3.1-70B-Instruct_mean+multi_0_combination_relevance,Meta-Llama-3.1-70B-Instruct_best+multi_0_combination_relevance,Meta-Llama-3.1-70B-Instruct_mean+multi_0_indiv_max,Meta-Llama-3.1-70B-Instruct_best+multi_0_indiv_max,Meta-Llama-3.1-70B-Instruct_mean+multi_0_cancellation,Meta-Llama-3.1-70B-Instruct_best+multi_0_cancellation,Meta-Llama-3.1-70B-Instruct_multi_1_0_generated,Meta-Llama-3.1-70B-Instruct_multi_1_0_property,Meta-Llama-3.1-70B-Instruct_multi_1_0_combination_relevance,Meta-Llama-3.1-70B-Instruct_multi_1_0_root_relevance,Meta-Llama-3.1-70B-Instruct_multi_1_0_modifier_relevance,Meta-Llama-3.1-70B-Instruct_multi_1_0_indiv_max,Meta-Llama-3.1-70B-Instruct_multi_1_0_cancellation,Meta-Llama-3.1-70B-Instruct_multi_1_1_generated,Meta-Llama-3.1-70B-Instruct_multi_1_1_property,Meta-Llama-3.1-70B-Instruct_multi_1_1_combination_relevance,Meta-Llama-3.1-70B-Instruct_multi_1_1_root_relevance,Meta-Llama-3.1-70B-Instruct_multi_1_1_modifier_relevance,Meta-Llama-3.1-70B-Instruct_multi_1_1_indiv_max,Meta-Llama-3.1-70B-Instruct_multi_1_1_cancellation,Meta-Llama-3.1-70B-Instruct_multi_1_2_generated,Meta-Llama-3.1-70B-Instruct_multi_1_2_property,Meta-Llama-3.1-70B-Instruct_multi_1_2_combination_relevance,Meta-Llama-3.1-70B-Instruct_multi_1_2_root_relevance,Meta-Llama-3.1-70B-Instruct_multi_1_2_modifier_relevance,Meta-Llama-3.1-70B-Instruct_multi_1_2_indiv_max,Meta-Llama-3.1-70B-Instruct_multi_1_2_cancellation,Meta-Llama-3.1-70B-Instruct_multi_1_3_generated,Meta-Llama-3.1-70B-Instruct_multi_1_3_property,Meta-Llama-3.1-70B-Instruct_multi_1_3_combination_relevance,Meta-Llama-3.1-70B-Instruct_multi_1_3_root_relevance,Meta-Llama-3.1-70B-Instruct_multi_1_3_modifier_relevance,Meta-Llama-3.1-70B-Instruct_multi_1_3_indiv_max,Meta-Llama-3.1-70B-Instruct_multi_1_3_cancellation,Meta-Llama-3.1-70B-Instruct_multi_1_4_generated,Meta-Llama-3.1-70B-Instruct_multi_1_4_property,Meta-Llama-3.1-70B-Instruct_multi_1_4_combination_relevance,Meta-Llama-3.1-70B-Instruct_multi_1_4_root_relevance,Meta-Llama-3.1-70B-Instruct_multi_1_4_modifier_relevance,Meta-Llama-3.1-70B-Instruct_multi_1_4_indiv_max,Meta-Llama-3.1-70B-Instruct_multi_1_4_cancellation,Meta-Llama-3.1-70B-Instruct_mean+multi_1_combination_relevance,Meta-Llama-3.1-70B-Instruct_best+multi_1_combination_relevance,Meta-Llama-3.1-70B-Instruct_mean+multi_1_indiv_max,Meta-Llama-3.1-70B-Instruct_best+multi_1_indiv_max,Meta-Llama-3.1-70B-Instruct_mean+multi_1_cancellation,Meta-Llama-3.1-70B-Instruct_best+multi_1_cancellation,Meta-Llama-3.1-70B-Instruct_multi_2_0_generated,Meta-Llama-3.1-70B-Instruct_multi_2_0_property,Meta-Llama-3.1-70B-Instruct_multi_2_0_combination_relevance,Meta-Llama-3.1-70B-Instruct_multi_2_0_root_relevance,Meta-Llama-3.1-70B-Instruct_multi_2_0_modifier_relevance,Meta-Llama-3.1-70B-Instruct_multi_2_0_indiv_max,Meta-Llama-3.1-70B-Instruct_multi_2_0_cancellation,Meta-Llama-3.1-70B-Instruct_multi_2_1_generated,Meta-Llama-3.1-70B-Instruct_multi_2_1_property,Meta-Llama-3.1-70B-Instruct_multi_2_1_combination_relevance,Meta-Llama-3.1-70B-Instruct_multi_2_1_root_relevance,Meta-Llama-3.1-70B-Instruct_multi_2_1_modifier_relevance,Meta-Llama-3.1-70B-Instruct_multi_2_1_indiv_max,Meta-Llama-3.1-70B-Instruct_multi_2_1_cancellation,Meta-Llama-3.1-70B-Instruct_multi_2_2_generated,Meta-Llama-3.1-70B-Instruct_multi_2_2_property,Meta-Llama-3.1-70B-Instruct_multi_2_2_combination_relevance,Meta-Llama-3.1-70B-Instruct_multi_2_2_root_relevance,Meta-Llama-3.1-70B-Instruct_multi_2_2_modifier_relevance,Meta-Llama-3.1-70B-Instruct_multi_2_2_indiv_max,Meta-Llama-3.1-70B-Instruct_multi_2_2_cancellation,Meta-Llama-3.1-70B-Instruct_multi_2_3_generated,Meta-Llama-3.1-70B-Instruct_multi_2_3_property,Meta-Llama-3.1-70B-Instruct_multi_2_3_combination_relevance,Meta-Llama-3.1-70B-Instruct_multi_2_3_root_relevance,Meta-Llama-3.1-70B-Instruct_multi_2_3_modifier_relevance,Meta-Llama-3.1-70B-Instruct_multi_2_3_indiv_max,Meta-Llama-3.1-70B-Instruct_multi_2_3_cancellation,Meta-Llama-3.1-70B-Instruct_multi_2_4_generated,Meta-Llama-3.1-70B-Instruct_multi_2_4_property,Meta-Llama-3.1-70B-Instruct_multi_2_4_combination_relevance,Meta-Llama-3.1-70B-Instruct_multi_2_4_root_relevance,Meta-Llama-3.1-70B-Instruct_multi_2_4_modifier_relevance,Meta-Llama-3.1-70B-Instruct_multi_2_4_indiv_max,Meta-Llama-3.1-70B-Instruct_multi_2_4_cancellation,Meta-Llama-3.1-70B-Instruct_mean+multi_2_combination_relevance,Meta-Llama-3.1-70B-Instruct_best+multi_2_combination_relevance,Meta-Llama-3.1-70B-Instruct_mean+multi_2_indiv_max,Meta-Llama-3.1-70B-Instruct_best+multi_2_indiv_max,Meta-Llama-3.1-70B-Instruct_mean+multi_2_cancellation,Meta-Llama-3.1-70B-Instruct_best+multi_2_cancellation
,an orchard without fruit,orchard,fruit,harvest season,canceled,"(canceled, canceled, canceled)","(2, 1, 2)","(5, 3, 5)","(5, 4, 5)",0.7777777777777778,0.0,0.7777777777777778,,False,0.5555555555555556,0.7777777777777778,"['{""property"": ""productive""}', '{""property"": ""productive""}', '{""property"": ""productive""}', '{""property"": ""fruitful""}', '{""property"": ""productive""}']","['{""property"": ""lucrative""}', '{""property"": ""lucrative""}', '{""property"": ""lucrative""}', '{""property"": ""productive""}', '{""property"": ""productive""}']","['{""property"": ""fruitful""}', '{""property"": ""fruitful""}', '{""property"": ""lucrative""}', '{""property"": ""productive""}', '{""property"": ""lucrative""}']",{'property': 'productive'},productive,0.0,0.7777777777777778,0.5555555555555556,0.7777777777777778,0.7777777777777778,{'property': 'productive'},productive,0.0,0.7777777777777778,0.5555555555555556,0.7777777777777778,0.7777777777777778,{'property': 'productive'},productive,0.0,0.7777777777777778,0.5555555555555556,0.7777777777777778,0.7777777777777778,{'property': 'fruitful'},fruitful,0.0,0.8888888888888888,1.0,1.0,1.0,{'property': 'productive'},productive,0.0,0.7777777777777778,0.5555555555555556,0.7777777777777778,0.7777777777777778,0.0,0.0,0.8222222222222223,1.0,0.8222222222222223,1.0,{'property': 'lucrative'},lucrative,0.0,0.5555555555555556,0.3333333333333333,0.5555555555555556,0.5555555555555556,{'property': 'lucrative'},lucrative,0.0,0.5555555555555556,0.3333333333333333,0.5555555555555556,0.5555555555555556,{'property': 'lucrative'},lucrative,0.0,0.5555555555555556,0.3333333333333333,0.5555555555555556,0.5555555555555556,{'property': 'productive'},productive,0.0,0.7777777777777778,0.5555555555555556,0.7777777777777778,0.7777777777777778,{'property': 'productive'},productive,0.0,0.7777777777777778,0.5555555555555556,0.7777777777777778,0.7777777777777778,0.0,0.0,0.6444444444444445,0.7777777777777778,0.6444444444444445,0.7777777777777778,{'property': 'fruitful'},fruitful,0.0,0.7777777777777778,1.0,1.0,1.0,{'property': 'fruitful'},fruitful,0.0,0.7777777777777778,0.7777777777777778,0.7777777777777778,0.7777777777777778,{'property': 'lucrative'},lucrative,0.0,0.5555555555555556,0.3333333333333333,0.5555555555555556,0.5555555555555556,{'property': 'productive'},productive,0.0,0.7777777777777778,0.5555555555555556,0.7777777777777778,0.7777777777777778,{'property': 'lucrative'},lucrative,0.0,0.5555555555555556,0.3333333333333333,0.5555555555555556,0.5555555555555556,0.0,0.0,0.7333333333333332,1.0,0.7333333333333332,1.0
The romantic part of his life was as dead as the foliage in winter.,the foliage in winter,foliage,winter,photosynthetic,canceled,"(canceled, canceled, canceled)","(2, 3, 2)","(5, 5, 4)","(2, 1, 1)",0.8888888888888888,0.1111111111111111,1.0,,False,0.0,1.0,"['{""property"": ""green""}', '{""property"": ""green""}', '{""property"": ""lush""}', '{""property"": ""lush""}', '{""property"": ""lush""}']","['{""property"": ""green""}', '{""property"": ""lush""}', '{""property"": ""green""}', '{""property"": ""lush""}', '{""property"": ""lush""}']","['{""property"": ""green""}', '{""property"": ""green""}', '{""property"": ""lush""}', '{""property"": ""lush""}', '{""property"": ""lush""}']",{'property': 'green'},green,0.0,0.8888888888888888,0.0,0.8888888888888888,0.8888888888888888,{'property': 'green'},green,0.0,0.8888888888888888,0.0,0.8888888888888888,0.8888888888888888,{'property': 'lush'},lush,0.0,0.7777777777777778,0.0,0.7777777777777778,0.7777777777777778,{'property': 'lush'},lush,0.0,0.7777777777777778,0.0,0.7777777777777778,0.7777777777777778,{'property': 'lush'},lush,0.0,0.7777777777777778,0.0,0.7777777777777778,0.7777777777777778,0.0,0.0,0.8222222222222222,0.8888888888888888,0.8222222222222222,0.8888888888888888,{'property': 'green'},green,0.0,0.8888888888888888,0.0,0.8888888888888888,0.8888888888888888,{'property': 'lush'},lush,0.0,0.7777777777777778,0.0,0.7777777777777778,0.7777777777777778,{'property': 'green'},green,0.0,0.8888888888888888,0.0,0.8888888888888888,0.8888888888888888,{'property': 'lush'},lush,0.0,0.7777777777777778,0.0,0.7777777777777778,0.7777777777777778,{'property': 'lush'},lush,0.0,0.7777777777777778,0.0,0.7777777777777778,0.7777777777777778,0.0,0.0,0.8222222222222222,0.8888888888888888,0.8222222222222222,0.8888888888888888,{'property': 'green'},green,0.0,0.8888888888888888,0.0,0.8888888888888888,0.8888888888888888,{'property': 'green'},green,0.0,0.8888888888888888,0.0,0.8888888888888888,0.8888888888888888,{'property': 'lush'},lush,0.0,0.7777777777777778,0.0,0.7777777777777778,0.7777777777777778,{'property': 'lush'},lush,0.0,0.7777777777777778,0.0,0.7777777777777778,0.7777777777777778,{'property': 'lush'},lush,0.0,0.7777777777777778,0.0,0.7777777777777778,0.7777777777777778,0.0,0.0,0.8222222222222222,0.8888888888888888,0.8222222222222222,0.8888888888888888
"The fight against piracy is as stupid as the fight against narcotics, no wait, excuse me, the war against narcotics, i guess ya can put another loss on your war talley.",the fight against narcotics,fight,narcotic,narcotic,canceled,"(others, canceled, canceled)","(1, 5, 4)","(1, 2, 2)","(5, 5, 5)",1.0,0.0,0.0,1.0,False,1.0,1.0,"['{""property"": ""recreational""}', '{""property"": ""peaceful""}', '{""property"": ""avoidable""}', '{""property"": ""entertaining""}', '{""property"": ""entertaining""}']","['{""property"": ""violent""}', '{""property"": ""physical""}', '{""property"": ""winning""}', '{""property"": ""violent""}', '{""property"": ""entertaining""}']","['{""property"": ""profitable""}', '{""property"": ""violent""}', '{""property"": ""entertaining""}', '{""property"": ""entertaining""}', '{""property"": ""entertaining""}']",{'property': 'recreational'},recreational,0.0,0.2222222222222222,0.6666666666666666,0.6666666666666666,0.6666666666666666,{'property': 'peaceful'},peaceful,0.0,0.0,0.1111111111111111,0.1111111111111111,0.1111111111111111,{'property': 'avoidable'},avoidable,0.2222222222222222,0.3333333333333333,0.5555555555555556,0.5555555555555556,0.3333333333333333,{'property': 'entertaining'},entertaining,0.0,0.5555555555555556,0.3333333333333333,0.5555555555555556,0.5555555555555556,{'property': 'entertaining'},entertaining,0.1111111111111111,0.5555555555555556,0.3333333333333333,0.5555555555555556,0.4444444444444445,0.06666666666666667,0.0,0.48888888888888893,0.6666666666666666,0.4222222222222222,0.6666666666666666,{'property': 'violent'},violent,0.5555555555555556,0.8888888888888888,0.3333333333333333,0.8888888888888888,0.3333333333333332,{'property': 'physical'},physical,0.3333333333333333,0.7777777777777778,0.3333333333333333,0.7777777777777778,0.4444444444444445,{'property': 'winning'},winning,0.3333333333333333,0.4444444444444444,0.0,0.4444444444444444,0.1111111111111111,{'property': 'violent'},violent,0.5555555555555556,0.8888888888888888,0.3333333333333333,0.8888888888888888,0.3333333333333332,{'property': 'entertaining'},entertaining,0.1111111111111111,0.5555555555555556,0.3333333333333333,0.5555555555555556,0.4444444444444445,0.37777777777777777,0.1111111111111111,0.711111111111111,0.8888888888888888,0.3333333333333333,0.4444444444444445,{'property': 'profitable'},profitable,0.3333333333333333,0.3333333333333333,0.6666666666666666,0.6666666666666666,0.3333333333333333,{'property': 'violent'},violent,0.5555555555555556,0.8888888888888888,0.2222222222222222,0.8888888888888888,0.3333333333333332,{'property': 'entertaining'},entertaining,0.1111111111111111,0.5555555555555556,0.3333333333333333,0.5555555555555556,0.4444444444444445,{'property': 'entertaining'},entertaining,0.0,0.5555555555555556,0.3333333333333333,0.5555555555555556,0.5555555555555556,{'property': 'entertaining'},entertaining,0.1111111111111111,0.5555555555555556,0.3333333333333333,0.5555555555555556,0.4444444444444445,0.22222222222222224,0.0,0.6444444444444443,0.8888888888888888,0.4222222222222222,0.5555555555555556
"They had all glinted together in the sunshine, wheeling together, sinking together, rising together like an army of fairies.",an army of fairies,army,fairies,disciplined,canceled,"(canceled, canceled, others)","(2, 3, 3)","(5, 5, 5)","(1, 1, 2)",0.6666666666666666,0.2222222222222222,0.8888888888888888,,False,0.0,0.8888888888888888,"['{""property"": ""fearsome""}', '{""property"": ""fearsome""}', '{""property"": ""fearsome""}', '{""property"": ""fearsome""}', '{""property"": ""fearsome""}']","['{""property"": ""deadly""}', '{""property"": ""fearsome""}', '{""property"": ""fearsome""}', '{""property"": ""deadly""}', '{""property"": ""peaceful""}']","['{""property"": ""fearsome""}', '{""property"": ""fearsome""}', '{""property"": ""fearsome""}', '{""property"": ""peaceful""}', '{""property"": ""formidable""}']",{'property': 'fearsome'},fearsome,0.3333333333333333,0.7777777777777778,0.2222222222222222,0.7777777777777778,0.4444444444444445,{'property': 'fearsome'},fearsome,0.3333333333333333,0.7777777777777778,0.1111111111111111,0.7777777777777778,0.4444444444444445,{'property': 'fearsome'},fearsome,0.3333333333333333,0.7777777777777778,0.1111111111111111,0.7777777777777778,0.4444444444444445,{'property': 'fearsome'},fearsome,0.3333333333333333,0.7777777777777778,0.1111111111111111,0.7777777777777778,0.4444444444444445,{'property': 'fearsome'},fearsome,0.3333333333333333,0.7777777777777778,0.1111111111111111,0.7777777777777778,0.4444444444444445,0.3333333333333333,0.3333333333333333,0.7777777777777778,0.7777777777777778,0.4444444444444445,0.4444444444444445,{'property': 'deadly'},deadly,0.3333333333333333,0.7777777777777778,0.0,0.7777777777777778,0.4444444444444445,{'property': 'fearsome'},fearsome,0.3333333333333333,0.7777777777777778,0.1111111111111111,0.7777777777777778,0.4444444444444445,{'property': 'fearsome'},fearsome,0.3333333333333333,0.7777777777777778,0.1111111111111111,0.7777777777777778,0.4444444444444445,{'property': 'deadly'},deadly,0.3333333333333333,0.7777777777777778,0.0,0.7777777777777778,0.4444444444444445,{'property': 'peaceful'},peaceful,0.3333333333333333,0.0,0.7777777777777778,0.7777777777777778,0.4444444444444445,0.3333333333333333,0.3333333333333333,0.7777777777777778,0.7777777777777778,0.4444444444444445,0.4444444444444445,{'property': 'fearsome'},fearsome,0.3333333333333333,0.7777777777777778,0.1111111111111111,0.7777777777777778,0.4444444444444445,{'property': 'fearsome'},fearsome,0.3333333333333333,0.7777777777777778,0.1111111111111111,0.7777777777777778,0.4444444444444445,{'property': 'fearsome'},fearsome,0.3333333333333333,0.7777777777777778,0.1111111111111111,0.7777777777777778,0.4444444444444445,{'property': 'peaceful'},peaceful,0.3333333333333333,0.0,0.7777777777777778,0.7777777777777778,0.4444444444444445,{'property': 'formidable'},formidable,0.3333333333333333,0.8888888888888888,0.3333333333333333,0.8888888888888888,0.5555555555555556,0.3333333333333333,0.3333333333333333,0.8,0.8888888888888888,0.4666666666666667,0.5555555555555556
"great , he 'd seen me tear into here like a bunny on fire . ",a bunny on fire,bunny,fire,fluffy,canceled,"(canceled, canceled, canceled)","(1, 1, 1)","(5, 5, 5)","(1, 1, 1)",0.8888888888888888,0.0,0.8888888888888888,,False,0.0,0.8888888888888888,"['{""property"": ""cute""}', '{""property"": ""cuddly""}', '{""property"": ""cuddly""}', '{""property"": ""cute""}', '{""property"": ""cuddly""}']","['{""property"": ""cuddly""}', '{""property"": ""cuddly""}', '{""property"": ""cuddly""}', '{""property"": ""cuddly""}', '{""property"": ""cuddly""}']","['{""property"": ""cuddly""}', '{""property"": ""cuddly""}', '{""property"": ""cute""}', '{""property"": ""cuddly""}', '{""property"": ""cuddly""}']",{'property': 'cute'},cute,0.0,0.8888888888888888,0.0,0.8888888888888888,0.8888888888888888,{'property': 'cuddly'},cuddly,0.0,0.7777777777777778,0.0,0.7777777777777778,0.7777777777777778,{'property': 'cuddly'},cuddly,0.0,0.7777777777777778,0.0,0.7777777777777778,0.7777777777777778,{'property': 'cute'},cute,0.0,0.8888888888888888,0.0,0.8888888888888888,0.8888888888888888,{'property': 'cuddly'},cuddly,0.0,0.7777777777777778,0.0,0.7777777777777778,0.7777777777777778,0.0,0.0,0.8222222222222222,0.8888888888888888,0.8222222222222222,0.8888888888888888,{'property': 'cuddly'},cuddly,0.0,0.7777777777777778,0.0,0.7777777777777778,0.7777777777777778,{'property': 'cuddly'},cuddly,0.0,0.7777777777777778,0.0,0.7777777777777778,0.7777777777777778,{'property': 'cuddly'},cuddly,0.0,0.7777777777777778,0.0,0.7777777777777778,0.7777777777777778,{'property': 'cuddly'},cuddly,0.0,0.7777777777777778,0.0,0.7777777777777778,0.7777777777777778,{'property': 'cuddly'},cuddly,0.0,0.7777777777777778,0.0,0.7777777777777778,0.7777777777777778,0.0,0.0,0.7777777777777778,0.7777777777777778,0.7777777777777778,0.7777777777777778,{'property': 'cuddly'},cuddly,0.0,0.7777777777777778,0.0,0.7777777777777778,0.7777777777777778,{'property': 'cuddly'},cuddly,0.0,0.7777777777777778,0.0,0.7777777777777778,0.7777777777777778,{'property': 'cute'},cute,0.0,0.8888888888888888,0.0,0.8888888888888888,0.8888888888888888,{'property': 'cuddly'},cuddly,0.0,0.7777777777777778,0.0,0.7777777777777778,0.7777777777777778,{'property': 'cuddly'},cuddly,0.0,0.7777777777777778,0.0,0.7777777777777778,0.7777777777777778,0.0,0.0,0.8,0.8888888888888888,0.8,0.8888888888888888
"rage shot through me , but it was as explosive as a wet fuse .",a wet fuse,fuse,wet,flammable,canceled,"(component, canceled, canceled)","(2, 2, 2)","(3, 5, 5)","(1, 1, 1)",0.8888888888888888,0.0,0.8888888888888888,0.0,False,0.0,0.8888888888888888,"['{""property"": ""flammable""}', '{""property"": ""flammable""}', '{""property"": ""flammable""}', '{""property"": ""functional""}', '{""property"": ""flammable""}']","['{""property"": ""flammable""}', '{""property"": ""flammable""}', '{""property"": ""flammable""}', '{""property"": ""functional""}', '{""property"": ""functional""}']","['{""property"": ""flammable""}', '{""property"": ""flammable""}', '{""property"": ""flammable""}', '{""property"": ""flammable""}', '{""property"": ""flammable""}']",{'property': 'flammable'},flammable,0.0,0.8888888888888888,0.0,0.8888888888888888,0.8888888888888888,{'property': 'flammable'},flammable,0.0,0.8888888888888888,0.0,0.8888888888888888,0.8888888888888888,{'property': 'flammable'},flammable,0.0,0.8888888888888888,0.0,0.8888888888888888,0.8888888888888888,{'property': 'functional'},functional,0.0,0.8888888888888888,0.0,0.8888888888888888,0.8888888888888888,{'property': 'flammable'},flammable,0.0,0.8888888888888888,0.0,0.8888888888888888,0.8888888888888888,0.0,0.0,0.888888888888889,0.8888888888888888,0.888888888888889,0.8888888888888888,{'property': 'flammable'},flammable,0.0,0.3333333333333333,0.0,0.3333333333333333,0.3333333333333333,{'property': 'flammable'},flammable,0.0,0.8888888888888888,0.0,0.8888888888888888,0.8888888888888888,{'property': 'flammable'},flammable,0.0,0.8888888888888888,0.0,0.8888888888888888,0.8888888888888888,{'property': 'functional'},functional,0.0,0.8888888888888888,0.0,0.8888888888888888,0.8888888888888888,{'property': 'functional'},functional,0.0,0.8888888888888888,0.0,0.8888888888888888,0.8888888888888888,0.0,0.0,0.7777777777777777,0.8888888888888888,0.7777777777777777,0.8888888888888888,{'property': 'flammable'},flammable,0.0,0.8888888888888888,0.0,0.8888888888888888,0.8888888888888888,{'property': 'flammable'},flammable,0.0,0.8888888888888888,0.0,0.8888888888888888,0.8888888888888888,{'property': 'flammable'},flammable,0.0,0.8888888888888888,0.0,0.8888888888888888,0.8888888888888888,{'property': 'flammable'},flammable,0.0,0.8888888888888888,0.0,0.8888888888888888,0.8888888888888888,{'property': 'flammable'},flammable,0.0,0.8888888888888888,0.0,0.8888888888888888,0.8888888888888888,0.0,0.0,0.888888888888889,0.8888888888888888,0.888888888888889,0.8888888888888888
But I know nothing about motorcycles so my opinion is probably as useful as a gun with zero bullets.,a gun with zero bullets,gun,bullet,lethal,canceled,"(canceled, canceled, canceled)","(1, 1, 1)","(5, 5, 4)","(5, 5, 5)",0.8888888888888888,0.0,0.8888888888888888,0.833333333,False,0.8888888888888888,0.8888888888888888,"['{""property"": ""lethal""}', '{""property"": ""lethal""}', '{""property"": ""lethal""}', '{""property"": ""lethal""}', '{""property"": ""lethal""}']","['{""property"": ""lethal""}', '{""property"": ""lethal""}', '{""property"": ""lethal""}', '{""property"": ""deadly""}', '{""property"": ""lethal""}']","['{""property"": ""lethal""}', '{""property"": ""lethal""}', '{""property"": ""lethal""}', '{""property"": ""lethal""}', '{""property"": ""lethal""}']",{'property': 'lethal'},lethal,0.0,0.8888888888888888,0.8888888888888888,0.8888888888888888,0.8888888888888888,{'property': 'lethal'},lethal,0.0,0.8888888888888888,0.8888888888888888,0.8888888888888888,0.8888888888888888,{'property': 'lethal'},lethal,0.0,0.8888888888888888,0.8888888888888888,0.8888888888888888,0.8888888888888888,{'property': 'lethal'},lethal,0.0,0.8888888888888888,0.8888888888888888,0.8888888888888888,0.8888888888888888,{'property': 'lethal'},lethal,0.0,0.8888888888888888,0.8888888888888888,0.8888888888888888,0.8888888888888888,0.0,0.0,0.888888888888889,0.8888888888888888,0.888888888888889,0.8888888888888888,{'property': 'lethal'},lethal,0.0,0.8888888888888888,0.8888888888888888,0.8888888888888888,0.8888888888888888,{'property': 'lethal'},lethal,0.0,0.8888888888888888,0.8888888888888888,0.8888888888888888,0.8888888888888888,{'property': 'lethal'},lethal,0.0,0.8888888888888888,0.8888888888888888,0.8888888888888888,0.8888888888888888,{'property': 'deadly'},deadly,0.0,0.8888888888888888,0.8888888888888888,0.8888888888888888,0.8888888888888888,{'property': 'lethal'},lethal,0.0,0.8888888888888888,0.8888888888888888,0.8888888888888888,0.8888888888888888,0.0,0.0,0.888888888888889,0.8888888888888888,0.888888888888889,0.8888888888888888,{'property': 'lethal'},lethal,0.0,0.8888888888888888,0.8888888888888888,0.8888888888888888,0.8888888888888888,{'property': 'lethal'},lethal,0.0,0.8888888888888888,0.8888888888888888,0.8888888888888888,0.8888888888888888,{'property': 'lethal'},lethal,0.0,0.8888888888888888,0.8888888888888888,0.8888888888888888,0.8888888888888888,{'property': 'lethal'},lethal,0.0,0.8888888888888888,0.8888888888888888,0.8888888888888888,0.8888888888888888,{'property': 'lethal'},lethal,0.0,0.8888888888888888,0.8888888888888888,0.8888888888888888,0.8888888888888888,0.0,0.0,0.888888888888889,0.8888888888888888,0.888888888888889,0.8888888888888888
the sap ran from the scalding hole and dripped steadily like blood onto the ground .,blood onto the ground,blood,ground,solid,canceled,"(canceled, canceled, canceled)","(1, 1, 3)","(1, 1, 2)","(4, 4, 5)",0.8888888888888888,0.0,0.0,0.655555556,False,0.8888888888888888,0.8888888888888888,"['{""property"": ""absorbent""}', '{""property"": ""sterile""}', '{""property"": ""sterile""}', '{""property"": ""sterile""}', '{""property"": ""sterile""}']","['{""property"": ""clean""}', '{""property"": ""sterile""}', '{""property"": ""sterile""}', '{""property"": ""sterile""}', '{""property"": ""sterile""}']","['{""property"": ""sterile""}', '{""property"": ""absorbent""}', '{""property"": ""sterile""}', '{""property"": ""sterile""}', '{""property"": ""sterile""}']",{'property': 'absorbent'},absorbent,0.0,0.0,0.5555555555555556,0.5555555555555556,0.5555555555555556,{'property': 'sterile'},sterile,0.0,0.0,0.3333333333333333,0.3333333333333333,0.3333333333333333,{'property': 'sterile'},sterile,0.0,0.0,0.3333333333333333,0.3333333333333333,0.3333333333333333,{'property': 'sterile'},sterile,0.0,0.0,0.3333333333333333,0.3333333333333333,0.3333333333333333,{'property': 'sterile'},sterile,0.0,0.0,0.3333333333333333,0.3333333333333333,0.3333333333333333,0.0,0.0,0.3777777777777777,0.5555555555555556,0.3777777777777777,0.5555555555555556,{'property': 'clean'},clean,0.0,0.0,0.3333333333333333,0.3333333333333333,0.3333333333333333,{'property': 'sterile'},sterile,0.0,0.0,0.3333333333333333,0.3333333333333333,0.3333333333333333,{'property': 'sterile'},sterile,0.0,0.0,0.3333333333333333,0.3333333333333333,0.3333333333333333,{'property': 'sterile'},sterile,0.0,0.0,0.3333333333333333,0.3333333333333333,0.3333333333333333,{'property': 'sterile'},sterile,0.0,0.0,0.3333333333333333,0.3333333333333333,0.3333333333333333,0.0,0.0,0.3333333333333333,0.3333333333333333,0.3333333333333333,0.3333333333333333,{'property': 'sterile'},sterile,0.0,0.0,0.3333333333333333,0.3333333333333333,0.3333333333333333,{'property': 'absorbent'},absorbent,0.3333333333333333,0.0,0.5555555555555556,0.5555555555555556,0.2222222222222222,{'property': 'sterile'},sterile,0.0,0.0,0.3333333333333333,0.3333333333333333,0.3333333333333333,{'property': 'sterile'},sterile,0.0,0.0,0.3333333333333333,0.3333333333333333,0.3333333333333333,{'property': 'sterile'},sterile,0.0,0.0,0.3333333333333333,0.3333333333333333,0.3333333333333333,0.06666666666666667,0.0,0.3777777777777777,0.5555555555555556,0.31111111111111106,0.3333333333333333
"Sometimes I think the trouble with that woman is that she's formed an appetite for borrowing, just like an appetite for drugs, you know.",an appetite for drugs,appetite,drugs,desire for food,canceled,"(canceled, canceled, canceled)","(1, 1, 1)","(5, 5, 5)","(1, 1, 1)",1.0,0.0,1.0,,False,0.3333333333333333,1.0,"['{""property"": ""normal""}', '{""property"": ""normal""}', '{""property"": ""natural""}', '{""property"": ""normal""}', '{""property"": ""healthy""}']","['{""property"": ""normal""}', '{""property"": ""healthy""}', '{""property"": ""healthy""}', '{""property"": ""natural""}', '{""property"": ""healthy""}']","['{""property"": ""healthy""}', '{""property"": ""healthy""}', '{""property"": ""healthy""}', '{""property"": ""healthy""}', '{""property"": ""natural""}']",{'property': 'normal'},normal,0.0,0.5555555555555556,0.0,0.5555555555555556,0.5555555555555556,{'property': 'normal'},normal,0.0,0.5555555555555556,0.0,0.5555555555555556,0.5555555555555556,{'property': 'natural'},natural,0.0,1.0,0.3333333333333333,1.0,1.0,{'property': 'normal'},normal,0.0,0.5555555555555556,0.0,0.5555555555555556,0.5555555555555556,{'property': 'healthy'},healthy,0.0,0.7777777777777778,0.0,0.7777777777777778,0.7777777777777778,0.0,0.0,0.6888888888888889,1.0,0.6888888888888889,1.0,{'property': 'normal'},normal,0.0,0.5555555555555556,0.0,0.5555555555555556,0.5555555555555556,{'property': 'healthy'},healthy,0.0,0.7777777777777778,0.0,0.7777777777777778,0.7777777777777778,{'property': 'healthy'},healthy,0.0,0.7777777777777778,0.0,0.7777777777777778,0.7777777777777778,{'property': 'natural'},natural,0.0,1.0,0.3333333333333333,1.0,1.0,{'property': 'healthy'},healthy,0.0,0.7777777777777778,0.0,0.7777777777777778,0.7777777777777778,0.0,0.0,0.7777777777777778,1.0,0.7777777777777778,1.0,{'property': 'healthy'},healthy,0.0,0.7777777777777778,0.0,0.7777777777777778,0.7777777777777778,{'property': 'healthy'},healthy,0.0,0.7777777777777778,0.0,0.7777777777777778,0.7777777777777778,{'property': 'healthy'},healthy,0.0,0.7777777777777778,0.0,0.7777777777777778,0.7777777777777778,{'property': 'healthy'},healthy,0.0,0.7777777777777778,0.0,0.7777777777777778,0.7777777777777778,{'property': 'natural'},natural,0.0,1.0,0.3333333333333333,1.0,1.0,0.0,0.0,0.8222222222222222,1.0,0.8222222222222222,1.0
,a white fawn,fawn,white,brown,canceled,"(canceled, canceled, canceled)","(1, 1, 1)","(2, 3, 3)","(1, 1, 1)",0.8888888888888888,0.0,0.8888888888888888,,False,0.0,0.8888888888888888,"['{""property"": ""camouflaged""}', '{""property"": ""rare""}', '{""property"": ""rarely seen""}', '{""property"": ""rare""}', '{""property"": ""rare""}']","['{""property"": ""rare""}', '{""property"": ""rare""}', '{""property"": ""rare""}', '{""property"": ""rare""}', '{""property"": ""rare""}']","['{""property"": ""common""}', '{""property"": ""rare""}', '{""property"": ""rare""}', '{""property"": ""rare""}', '{""property"": ""rare""}']",{'property': 'camouflaged'},camouflaged,0.2222222222222222,0.7777777777777778,0.3333333333333333,0.7777777777777778,0.5555555555555556,{'property': 'rare'},rare,0.8888888888888888,0.3333333333333333,0.3333333333333333,0.3333333333333333,0.0,{'property': 'rarely seen'},rarely seen,0.7777777777777778,0.5555555555555556,0.2222222222222222,0.5555555555555556,0.0,{'property': 'rare'},rare,0.7777777777777778,0.3333333333333333,0.3333333333333333,0.3333333333333333,0.0,{'property': 'rare'},rare,0.7777777777777778,0.3333333333333333,0.3333333333333333,0.3333333333333333,0.0,0.6888888888888889,0.2222222222222222,0.4666666666666667,0.7777777777777778,0.11111111111111112,0.5555555555555556,{'property': 'rare'},rare,0.8888888888888888,0.3333333333333333,0.3333333333333333,0.3333333333333333,0.0,{'property': 'rare'},rare,0.7777777777777778,0.3333333333333333,0.3333333333333333,0.3333333333333333,0.0,{'property': 'rare'},rare,0.7777777777777778,0.3333333333333333,0.3333333333333333,0.3333333333333333,0.0,{'property': 'rare'},rare,0.7777777777777778,0.2222222222222222,0.3333333333333333,0.3333333333333333,0.0,{'property': 'rare'},rare,0.8888888888888888,0.3333333333333333,0.3333333333333333,0.3333333333333333,0.0,0.8222222222222222,0.7777777777777778,0.3333333333333333,0.3333333333333333,0.0,0.0,{'property': 'common'},common,0.1111111111111111,0.3333333333333333,0.5555555555555556,0.5555555555555556,0.4444444444444445,{'property': 'rare'},rare,0.7777777777777778,0.3333333333333333,0.3333333333333333,0.3333333333333333,0.0,{'property': 'rare'},rare,0.8888888888888888,0.3333333333333333,0.3333333333333333,0.3333333333333333,0.0,{'property': 'rare'},rare,0.7777777777777778,0.3333333333333333,0.3333333333333333,0.3333333333333333,0.0,{'property': 'rare'},rare,0.7777777777777778,0.3333333333333333,0.3333333333333333,0.3333333333333333,0.0,0.6666666666666666,0.1111111111111111,0.3777777777777777,0.5555555555555556,0.08888888888888889,0.4444444444444445
"Then like cats on a mouse, they pounced.",cats on a mouse,cat,mouse,functional,canceled,"(canceled, canceled, canceled)","(1, 1, 1)","(1, 2, 1)","(1, 2, 1)",0.0,0.7777777777777778,0.5555555555555556,0.822222222,False,0.7777777777777778,0.7777777777777778,"['{""property"": ""fierce""}', '{""property"": ""fearsome""}', '{""property"": ""fearless""}', '{""property"": ""large""}', '{""property"": ""independent""}']","['{""property"": ""dominant""}', '{""property"": ""solitary""}', '{""property"": ""independent""}', '{""property"": ""intimidating""}', '{""property"": ""frightening""}']","['{""property"": ""afraid""}', '{""property"": ""large""}', '{""property"": ""frightening""}', '{""property"": ""solitary""}', '{""property"": ""dominant""}']",{'property': 'fierce'},fierce,0.8888888888888888,0.3333333333333333,0.1111111111111111,0.3333333333333333,0.0,{'property': 'fearsome'},fearsome,0.8888888888888888,0.2222222222222222,0.0,0.2222222222222222,0.0,{'property': 'fearless'},fearless,0.8888888888888888,0.3333333333333333,0.1111111111111111,0.3333333333333333,0.0,{'property': 'large'},large,0.0,0.1111111111111111,0.0,0.1111111111111111,0.1111111111111111,{'property': 'independent'},independent,0.0,0.7777777777777778,0.3333333333333333,0.7777777777777778,0.7777777777777778,0.5333333333333333,0.0,0.3555555555555555,0.7777777777777778,0.17777777777777776,0.7777777777777778,{'property': 'dominant'},dominant,0.8888888888888888,0.3333333333333333,0.0,0.3333333333333333,0.0,{'property': 'solitary'},solitary,0.0,0.5555555555555556,0.3333333333333333,0.5555555555555556,0.5555555555555556,{'property': 'independent'},independent,0.0,0.8888888888888888,0.3333333333333333,0.8888888888888888,0.8888888888888888,{'property': 'intimidating'},intimidating,0.8888888888888888,0.2222222222222222,0.0,0.2222222222222222,0.0,{'property': 'frightening'},frightening,0.8888888888888888,0.2222222222222222,0.1111111111111111,0.2222222222222222,0.0,0.5333333333333333,0.0,0.4444444444444445,0.8888888888888888,0.28888888888888886,0.8888888888888888,{'property': 'afraid'},afraid,0.0,0.3333333333333333,0.6666666666666666,0.6666666666666666,0.6666666666666666,{'property': 'large'},large,0.0,0.1111111111111111,0.0,0.1111111111111111,0.1111111111111111,{'property': 'frightening'},frightening,0.8888888888888888,0.2222222222222222,0.1111111111111111,0.2222222222222222,0.0,{'property': 'solitary'},solitary,0.0,0.5555555555555556,0.3333333333333333,0.5555555555555556,0.5555555555555556,{'property': 'dominant'},dominant,0.8888888888888888,0.3333333333333333,0.0,0.3333333333333333,0.0,0.3555555555555555,0.0,0.3777777777777777,0.6666666666666666,0.26666666666666666,0.6666666666666666
Theyre out there walking up and down like two wooden men but they didnt see me get by.,two wooden men,men,wooden,mammalian,canceled,"(canceled, canceled, canceled)","(1, 1, 1)","(5, 5, 5)","(1, 1, 1)",1.0,0.0,1.0,,False,0.0,1.0,"['{""property"": ""alive""}', '{""property"": ""living""}', '{""property"": ""living""}', '{""property"": ""real""}', '{""property"": ""living""}']","['{""property"": ""animate""}', '{""property"": ""human""}', '{""property"": ""animate""}', '{""property"": ""animate""}', '{""property"": ""living""}']","['{""property"": ""mobile""}', '{""property"": ""male""}', '{""property"": ""animate""}', '{""property"": ""fertile""}', '{""property"": ""real""}']",{'property': 'alive'},alive,0.0,0.8888888888888888,0.0,0.8888888888888888,0.8888888888888888,{'property': 'living'},living,0.0,0.8888888888888888,0.0,0.8888888888888888,0.8888888888888888,{'property': 'living'},living,0.0,0.8888888888888888,0.0,0.8888888888888888,0.8888888888888888,{'property': 'real'},real,0.0,1.0,0.8888888888888888,1.0,1.0,{'property': 'living'},living,0.0,0.8888888888888888,0.0,0.8888888888888888,0.8888888888888888,0.0,0.0,0.9111111111111111,1.0,0.9111111111111111,1.0,{'property': 'animate'},animate,0.0,1.0,0.0,1.0,1.0,{'property': 'human'},human,0.0,1.0,0.0,1.0,1.0,{'property': 'animate'},animate,0.0,1.0,0.0,1.0,1.0,{'property': 'animate'},animate,0.0,1.0,0.0,1.0,1.0,{'property': 'living'},living,0.0,0.8888888888888888,0.0,0.8888888888888888,0.8888888888888888,0.0,0.0,0.9777777777777779,1.0,0.9777777777777779,1.0,{'property': 'mobile'},mobile,0.0,0.7777777777777778,0.2222222222222222,0.7777777777777778,0.7777777777777778,{'property': 'male'},male,0.3333333333333333,1.0,0.0,1.0,0.6666666666666667,{'property': 'animate'},animate,0.0,1.0,0.0,1.0,1.0,{'property': 'fertile'},fertile,0.0,0.6666666666666666,0.0,0.6666666666666666,0.6666666666666666,{'property': 'real'},real,0.0,1.0,0.8888888888888888,1.0,1.0,0.06666666666666667,0.0,0.888888888888889,1.0,0.8222222222222222,1.0
"this fox and hound game would be a joke , it was more like the eagle and the worm , cowardly and woefully one sided .",the eagle and the worm,eagle,worm,high,canceled,"(canceled, canceled, canceled)","(2, 2, 3)","(5, 5, 5)","(1, 1, 1)",0.7777777777777778,0.0,0.7777777777777778,0.0,False,0.0,0.7777777777777778,"['{""property"": ""strong""}', '{""property"": ""large""}', '{""property"": ""fearsome""}', '{""property"": ""large""}', '{""property"": ""powerful""}']","['{""property"": ""powerful""}', '{""property"": ""fearsome""}', '{""property"": ""large""}', '{""property"": ""large""}', '{""property"": ""large""}']","['{""property"": ""flying""}', '{""property"": ""typically large""}', '{""property"": ""powerful""}', '{""property"": ""harmless""}', '{""property"": ""fears""}']",{'property': 'strong'},strong,0.3333333333333333,0.7777777777777778,0.0,0.7777777777777778,0.4444444444444445,{'property': 'large'},large,0.3333333333333333,0.5555555555555556,0.0,0.5555555555555556,0.2222222222222222,{'property': 'fearsome'},fearsome,0.0,0.6666666666666666,0.0,0.6666666666666666,0.6666666666666666,{'property': 'large'},large,0.5555555555555556,0.5555555555555556,0.0,0.5555555555555556,0.0,{'property': 'powerful'},powerful,0.5555555555555556,0.7777777777777778,0.0,0.7777777777777778,0.2222222222222222,0.35555555555555557,0.0,0.6666666666666666,0.7777777777777778,0.31111111111111117,0.6666666666666666,{'property': 'powerful'},powerful,0.6666666666666666,0.7777777777777778,0.0,0.7777777777777778,0.1111111111111111,{'property': 'fearsome'},fearsome,0.0,0.6666666666666666,0.0,0.6666666666666666,0.6666666666666666,{'property': 'large'},large,0.0,0.5555555555555556,0.0,0.5555555555555556,0.5555555555555556,{'property': 'large'},large,0.3333333333333333,0.5555555555555556,0.0,0.5555555555555556,0.2222222222222222,{'property': 'large'},large,0.3333333333333333,0.6666666666666666,0.0,0.6666666666666666,0.3333333333333333,0.26666666666666666,0.0,0.6444444444444444,0.7777777777777778,0.3777777777777777,0.6666666666666666,{'property': 'flying'},flying,0.3333333333333333,0.8888888888888888,0.0,0.8888888888888888,0.5555555555555556,{'property': 'typically large'},typically large,0.0,0.7777777777777778,0.0,0.7777777777777778,0.7777777777777778,{'property': 'powerful'},powerful,0.5555555555555556,0.7777777777777778,0.0,0.7777777777777778,0.2222222222222222,{'property': 'harmless'},harmless,0.0,0.2222222222222222,0.7777777777777778,0.7777777777777778,0.7777777777777778,{'property': 'fears'},fears,0.0,0.1111111111111111,0.0,0.1111111111111111,0.1111111111111111,0.17777777777777776,0.0,0.6666666666666666,0.8888888888888888,0.48888888888888893,0.7777777777777778
"and a strong shudder took possession of him, as uncontrollable as an ague fit.",an ague fit,fit,ague,well,canceled,"(canceled, canceled, canceled)","(1, 1, 1)","(4, 4, 3)","(1, 1, 1)",0.8888888888888888,0.0,0.8888888888888888,0.0,False,0.0,0.8888888888888888,"['{""property"": ""predictable""}', '{""property"": ""healthy""}', '{""property"": ""healthy""}', '{""property"": ""healthy""}', '{""property"": ""healthy""}']","['{""property"": ""health-promoting""}', '{""property"": ""healthy""}', '{""property"": ""predictable""}', '{""property"": ""feverish""}', '{""property"": ""healthy""}']","['{""property"": ""healthy""}', '{""property"": ""contagious""}', '{""property"": ""healthy""}', '{""property"": ""healthy""}', '{""property"": ""healthy""}']",{'property': 'predictable'},predictable,0.2222222222222222,0.3333333333333333,0.1111111111111111,0.3333333333333333,0.1111111111111111,{'property': 'healthy'},healthy,0.0,0.8888888888888888,0.0,0.8888888888888888,0.8888888888888888,{'property': 'healthy'},healthy,0.0,0.8888888888888888,0.0,0.8888888888888888,0.8888888888888888,{'property': 'healthy'},healthy,0.0,0.8888888888888888,0.0,0.8888888888888888,0.8888888888888888,{'property': 'healthy'},healthy,0.0,0.8888888888888888,0.0,0.8888888888888888,0.8888888888888888,0.04444444444444444,0.0,0.7777777777777777,0.8888888888888888,0.7333333333333333,0.8888888888888888,{'property': 'health-promoting'},health-promoting,0.0,0.7777777777777778,0.0,0.7777777777777778,0.7777777777777778,{'property': 'healthy'},healthy,0.0,0.8888888888888888,0.0,0.8888888888888888,0.8888888888888888,{'property': 'predictable'},predictable,0.2222222222222222,0.3333333333333333,0.1111111111111111,0.3333333333333333,0.1111111111111111,{'property': 'feverish'},feverish,0.8888888888888888,0.0,0.8888888888888888,0.8888888888888888,0.0,{'property': 'healthy'},healthy,0.0,0.8888888888888888,0.0,0.8888888888888888,0.8888888888888888,0.22222222222222224,0.0,0.7555555555555554,0.8888888888888888,0.5333333333333333,0.8888888888888888,{'property': 'healthy'},healthy,0.0,0.8888888888888888,0.0,0.8888888888888888,0.8888888888888888,{'property': 'contagious'},contagious,0.3333333333333333,0.0,0.3333333333333333,0.3333333333333333,0.0,{'property': 'healthy'},healthy,0.0,0.8888888888888888,0.0,0.8888888888888888,0.8888888888888888,{'property': 'healthy'},healthy,0.0,0.8888888888888888,0.0,0.8888888888888888,0.8888888888888888,{'property': 'healthy'},healthy,0.0,0.8888888888888888,0.0,0.8888888888888888,0.8888888888888888,0.06666666666666667,0.0,0.7777777777777777,0.8888888888888888,0.711111111111111,0.8888888888888888
But a gooid word throo some is as scarce as a white crow.,a white crow,crow,white,black,canceled,"(canceled, canceled, canceled)","(2, 1, 1)","(5, 5, 5)","(1, 2, 1)",0.8888888888888888,0.0,0.8888888888888888,0.0,False,0.0,0.8888888888888888,"['{""property"": ""common""}', '{""property"": ""black""}', '{""property"": ""common""}', '{""property"": ""black""}', '{""property"": ""common""}']","['{""property"": ""black""}', '{""property"": ""common""}', '{""property"": ""common""}', '{""property"": ""common""}', '{""property"": ""common""}']","['{""property"": ""common""}', '{""property"": ""common""}', '{""property"": ""common""}', '{""property"": ""black""}', '{""property"": ""black""}']",{'property': 'common'},common,0.0,0.8888888888888888,0.7777777777777778,0.8888888888888888,0.8888888888888888,{'property': 'black'},black,0.0,0.8888888888888888,0.0,0.8888888888888888,0.8888888888888888,{'property': 'common'},common,0.0,0.8888888888888888,0.7777777777777778,0.8888888888888888,0.8888888888888888,{'property': 'black'},black,0.0,0.8888888888888888,0.0,0.8888888888888888,0.8888888888888888,{'property': 'common'},common,0.0,0.8888888888888888,0.7777777777777778,0.8888888888888888,0.8888888888888888,0.0,0.0,0.888888888888889,0.8888888888888888,0.888888888888889,0.8888888888888888,{'property': 'black'},black,0.0,0.8888888888888888,0.0,0.8888888888888888,0.8888888888888888,{'property': 'common'},common,0.0,0.8888888888888888,0.7777777777777778,0.8888888888888888,0.8888888888888888,{'property': 'common'},common,0.0,0.8888888888888888,0.5555555555555556,0.8888888888888888,0.8888888888888888,{'property': 'common'},common,0.0,0.8888888888888888,0.7777777777777778,0.8888888888888888,0.8888888888888888,{'property': 'common'},common,0.0,0.8888888888888888,0.7777777777777778,0.8888888888888888,0.8888888888888888,0.0,0.0,0.888888888888889,0.8888888888888888,0.888888888888889,0.8888888888888888,{'property': 'common'},common,0.0,0.8888888888888888,0.7777777777777778,0.8888888888888888,0.8888888888888888,{'property': 'common'},common,0.0,0.8888888888888888,0.7777777777777778,0.8888888888888888,0.8888888888888888,{'property': 'common'},common,0.0,0.8888888888888888,0.7777777777777778,0.8888888888888888,0.8888888888888888,{'property': 'black'},black,0.0,0.8888888888888888,0.0,0.8888888888888888,0.8888888888888888,{'property': 'black'},black,0.0,0.8888888888888888,0.0,0.8888888888888888,0.8888888888888888,0.0,0.0,0.888888888888889,0.8888888888888888,0.888888888888889,0.8888888888888888
"I personally felt the last season was kinda weird the season finale the year before fore wrapped up everything nicely, the last season felt kinda like a weird epilogue.",a weird epilogue,epilogue,weird,conclusive,canceled,"(canceled, component, canceled)","(2, 4, 2)","(5, 5, 5)","(1, 1, 1)",0.5555555555555556,0.3333333333333333,0.8888888888888888,0.0,False,0.0,0.8888888888888888,"['{""property"": ""predictable""}', '{""property"": ""informative""}', '{""property"": ""engaging""}', '{""property"": ""predictable""}', '{""property"": ""meaningful""}']","['{""property"": ""conclusive""}', '{""property"": ""expected""}', '{""property"": ""coherent""}', '{""property"": ""informative""}', '{""property"": ""predictable""}']","['{""property"": ""predictable""}', '{""property"": ""exciting""}', '{""property"": ""exciting""}', '{""property"": ""expected""}', '{""property"": ""predictable""}']",{'property': 'predictable'},predictable,0.2222222222222222,0.3333333333333333,0.0,0.3333333333333333,0.1111111111111111,{'property': 'informative'},informative,0.2222222222222222,0.3333333333333333,0.1111111111111111,0.3333333333333333,0.1111111111111111,{'property': 'engaging'},engaging,0.3333333333333333,0.3333333333333333,0.3333333333333333,0.3333333333333333,0.0,{'property': 'predictable'},predictable,0.1111111111111111,0.5555555555555556,0.0,0.5555555555555556,0.4444444444444445,{'property': 'meaningful'},meaningful,0.2222222222222222,0.5555555555555556,0.1111111111111111,0.5555555555555556,0.3333333333333333,0.22222222222222224,0.1111111111111111,0.4222222222222222,0.5555555555555556,0.2,0.4444444444444445,{'property': 'conclusive'},conclusive,0.2222222222222222,0.8888888888888888,0.0,0.8888888888888888,0.6666666666666666,{'property': 'expected'},expected,0.1111111111111111,0.5555555555555556,0.0,0.5555555555555556,0.4444444444444445,{'property': 'coherent'},coherent,0.2222222222222222,0.6666666666666666,0.0,0.6666666666666666,0.4444444444444444,{'property': 'informative'},informative,0.2222222222222222,0.3333333333333333,0.2222222222222222,0.3333333333333333,0.1111111111111111,{'property': 'predictable'},predictable,0.1111111111111111,0.3333333333333333,0.0,0.3333333333333333,0.2222222222222222,0.17777777777777776,0.1111111111111111,0.5555555555555556,0.8888888888888888,0.37777777777777777,0.6666666666666666,{'property': 'predictable'},predictable,0.1111111111111111,0.5555555555555556,0.0,0.5555555555555556,0.4444444444444445,{'property': 'exciting'},exciting,0.2222222222222222,0.3333333333333333,0.5555555555555556,0.5555555555555556,0.3333333333333333,{'property': 'exciting'},exciting,0.3333333333333333,0.3333333333333333,0.5555555555555556,0.5555555555555556,0.2222222222222222,{'property': 'expected'},expected,0.1111111111111111,0.5555555555555556,0.0,0.5555555555555556,0.4444444444444445,{'property': 'predictable'},predictable,0.2222222222222222,0.5555555555555556,0.0,0.5555555555555556,0.3333333333333333,0.19999999999999998,0.1111111111111111,0.5555555555555556,0.5555555555555556,0.3555555555555555,0.4444444444444445
,non theists,theist,non,belief in god,canceled,"(canceled, canceled, canceled)","(1, 1, 1)","(5, 5, 5)","(2, 1, 1)",1.0,0.0,1.0,,False,0.0,1.0,"['{""property"": ""devout""}', '{""property"": ""organized""}', '{""property"": ""spiritual""}', '{""property"": ""theistic""}', '{""property"": ""theistic""}']","['{""property"": ""devout""}', '{""property"": ""believers""}', '{""property"": ""spiritual""}', '{""property"": ""theistic""}', '{""property"": ""spiritual""}']","['{""property"": ""believing""}', '{""property"": ""devout""}', '{""property"": ""theistic""}', '{""property"": ""devout""}', '{""property"": ""organized""}']",{'property': 'devout'},devout,0.0,0.3333333333333333,0.0,0.3333333333333333,0.3333333333333333,{'property': 'organized'},organized,0.3333333333333333,0.3333333333333333,0.0,0.3333333333333333,0.0,{'property': 'spiritual'},spiritual,0.3333333333333333,0.7777777777777778,0.0,0.7777777777777778,0.4444444444444445,{'property': 'theistic'},theistic,0.0,1.0,1.0,1.0,1.0,{'property': 'theistic'},theistic,0.0,1.0,1.0,1.0,1.0,0.13333333333333333,0.0,0.6888888888888889,1.0,0.5555555555555556,1.0,{'property': 'devout'},devout,0.0,0.3333333333333333,0.0,0.3333333333333333,0.3333333333333333,{'property': 'believers'},believers,0.0,0.8888888888888888,0.0,0.8888888888888888,0.8888888888888888,{'property': 'spiritual'},spiritual,0.3333333333333333,0.7777777777777778,0.0,0.7777777777777778,0.4444444444444445,{'property': 'theistic'},theistic,0.0,1.0,1.0,1.0,1.0,{'property': 'spiritual'},spiritual,0.3333333333333333,0.7777777777777778,0.0,0.7777777777777778,0.4444444444444445,0.13333333333333333,0.0,0.7555555555555555,1.0,0.6222222222222222,1.0,{'property': 'believing'},believing,0.0,0.8888888888888888,0.0,0.8888888888888888,0.8888888888888888,{'property': 'devout'},devout,0.0,0.3333333333333333,0.0,0.3333333333333333,0.3333333333333333,{'property': 'theistic'},theistic,0.0,1.0,1.0,1.0,1.0,{'property': 'devout'},devout,0.0,0.3333333333333333,0.0,0.3333333333333333,0.3333333333333333,{'property': 'organized'},organized,0.3333333333333333,0.3333333333333333,0.0,0.3333333333333333,0.0,0.06666666666666667,0.0,0.5777777777777778,1.0,0.5111111111111112,1.0
,the teeth of a comb,tooth,comb,enamel,canceled,"(canceled, canceled, canceled)","(1, 1, 1)","(5, 5, 5)","(1, 1, 1)",1.0,0.0,1.0,,False,0.0,1.0,"['{""property"": ""sharp""}', '{""property"": ""sharp""}', '{""property"": ""sharp""}', '{""property"": ""sharp""}', '{""property"": ""sharp""}']","['{""property"": ""sharp""}', '{""property"": ""sharp""}', '{""property"": ""sharp""}', '{""property"": ""sharp""}', '{""property"": ""sharp""}']","['{""property"": ""sharp""}', '{""property"": ""sharp""}', '{""property"": ""sharp""}', '{""property"": ""sharp""}', '{""property"": ""sharp""}']",{'property': 'sharp'},sharp,0.0,0.5555555555555556,0.0,0.5555555555555556,0.5555555555555556,{'property': 'sharp'},sharp,0.0,0.5555555555555556,0.0,0.5555555555555556,0.5555555555555556,{'property': 'sharp'},sharp,0.0,0.5555555555555556,0.0,0.5555555555555556,0.5555555555555556,{'property': 'sharp'},sharp,0.0,0.5555555555555556,0.0,0.5555555555555556,0.5555555555555556,{'property': 'sharp'},sharp,0.0,0.5555555555555556,0.0,0.5555555555555556,0.5555555555555556,0.0,0.0,0.5555555555555556,0.5555555555555556,0.5555555555555556,0.5555555555555556,{'property': 'sharp'},sharp,0.0,0.5555555555555556,0.0,0.5555555555555556,0.5555555555555556,{'property': 'sharp'},sharp,0.0,0.5555555555555556,0.0,0.5555555555555556,0.5555555555555556,{'property': 'sharp'},sharp,0.0,0.5555555555555556,0.0,0.5555555555555556,0.5555555555555556,{'property': 'sharp'},sharp,0.0,0.5555555555555556,0.0,0.5555555555555556,0.5555555555555556,{'property': 'sharp'},sharp,0.0,0.5555555555555556,0.0,0.5555555555555556,0.5555555555555556,0.0,0.0,0.5555555555555556,0.5555555555555556,0.5555555555555556,0.5555555555555556,{'property': 'sharp'},sharp,0.0,0.5555555555555556,0.0,0.5555555555555556,0.5555555555555556,{'property': 'sharp'},sharp,0.0,0.5555555555555556,0.0,0.5555555555555556,0.5555555555555556,{'property': 'sharp'},sharp,0.0,0.5555555555555556,0.0,0.5555555555555556,0.5555555555555556,{'property': 'sharp'},sharp,0.0,0.5555555555555556,0.0,0.5555555555555556,0.5555555555555556,{'property': 'sharp'},sharp,0.0,0.5555555555555556,0.0,0.5555555555555556,0.5555555555555556,0.0,0.0,0.5555555555555556,0.5555555555555556,0.5555555555555556,0.5555555555555556
,a villager under ice,villager,ice,community-oriented,canceled,"(canceled, canceled, canceled)","(1, 1, 1)","(5, 5, 4)","(1, 1, 1)",0.7777777777777778,0.0,0.7777777777777778,,False,0.0,0.7777777777777778,"['{""property"": ""warm-blooded""}', '{""property"": ""breathing""}', '{""property"": ""warm-blooded""}', '{""property"": ""breathing""}', '{""property"": ""visible""}']","['{""property"": ""visible""}', '{""property"": ""warm""}', '{""property"": ""warm""}', '{""property"": ""warm""}', '{""property"": ""visible""}']","['{""property"": ""warm-blooded""}', '{""property"": ""warm""}', '{""property"": ""warm-blooded""}', '{""property"": ""warm""}', '{""property"": ""warm""}']",{'property': 'warm-blooded'},warm-blooded,0.8888888888888888,1.0,0.0,1.0,0.1111111111111111,{'property': 'breathing'},breathing,0.0,1.0,0.0,1.0,1.0,{'property': 'warm-blooded'},warm-blooded,0.8888888888888888,1.0,0.0,1.0,0.1111111111111111,{'property': 'breathing'},breathing,0.0,1.0,0.0,1.0,1.0,{'property': 'visible'},visible,0.0,0.7777777777777778,0.8888888888888888,0.8888888888888888,0.8888888888888888,0.3555555555555555,0.0,0.9777777777777779,1.0,0.6222222222222222,1.0,{'property': 'visible'},visible,0.0,0.7777777777777778,0.8888888888888888,0.8888888888888888,0.8888888888888888,{'property': 'warm'},warm,0.0,0.3333333333333333,0.0,0.3333333333333333,0.3333333333333333,{'property': 'warm'},warm,0.0,0.3333333333333333,0.0,0.3333333333333333,0.3333333333333333,{'property': 'warm'},warm,0.0,0.3333333333333333,0.0,0.3333333333333333,0.3333333333333333,{'property': 'visible'},visible,0.0,0.8888888888888888,0.8888888888888888,0.8888888888888888,0.8888888888888888,0.0,0.0,0.5555555555555556,0.8888888888888888,0.5555555555555556,0.8888888888888888,{'property': 'warm-blooded'},warm-blooded,0.8888888888888888,1.0,0.0,1.0,0.1111111111111111,{'property': 'warm'},warm,0.0,0.3333333333333333,0.0,0.3333333333333333,0.3333333333333333,{'property': 'warm-blooded'},warm-blooded,1.0,1.0,0.0,1.0,0.0,{'property': 'warm'},warm,0.0,0.3333333333333333,0.0,0.3333333333333333,0.3333333333333333,{'property': 'warm'},warm,0.0,0.3333333333333333,0.0,0.3333333333333333,0.3333333333333333,0.37777777777777777,0.0,0.6,1.0,0.22222222222222218,0.3333333333333333
"Now considering Earth exists I doubt life is as unlikely as a cube planet, but you get my point. ",a cube planet,planet,cube,spherical shape,canceled,"(canceled, canceled, canceled)","(1, 1, 1)","(5, 5, 5)","(1, 1, 1)",1.0,0.0,1.0,,False,0.0,1.0,"['{""property"": ""portable""}', '{""property"": ""habitable""}', '{""property"": ""habitable""}', '{""property"": ""habitable""}', '{""property"": ""habitable""}']","['{""property"": ""small""}', '{""property"": ""life-supporting""}', '{""property"": ""portable""}', '{""property"": ""habitable""}', '{""property"": ""small""}']","['{""property"": ""maneuverable""}', '{""property"": ""inhabitable""}', '{""property"": ""inhabitable""}', '{""property"": ""habitable""}', '{""property"": ""inhabitable""}']",{'property': 'portable'},portable,0.0,0.0,0.3333333333333333,0.3333333333333333,0.3333333333333333,{'property': 'habitable'},habitable,0.0,0.3333333333333333,0.0,0.3333333333333333,0.3333333333333333,{'property': 'habitable'},habitable,0.0,0.3333333333333333,0.0,0.3333333333333333,0.3333333333333333,{'property': 'habitable'},habitable,0.0,0.3333333333333333,0.0,0.3333333333333333,0.3333333333333333,{'property': 'habitable'},habitable,0.0,0.3333333333333333,0.0,0.3333333333333333,0.3333333333333333,0.0,0.0,0.3333333333333333,0.3333333333333333,0.3333333333333333,0.3333333333333333,{'property': 'small'},small,0.3333333333333333,0.3333333333333333,0.3333333333333333,0.3333333333333333,0.0,{'property': 'life-supporting'},life-supporting,0.1111111111111111,0.3333333333333333,0.0,0.3333333333333333,0.2222222222222222,{'property': 'portable'},portable,0.0,0.0,0.3333333333333333,0.3333333333333333,0.3333333333333333,{'property': 'habitable'},habitable,0.0,0.3333333333333333,0.0,0.3333333333333333,0.3333333333333333,{'property': 'small'},small,0.3333333333333333,0.3333333333333333,0.3333333333333333,0.3333333333333333,0.0,0.15555555555555553,0.0,0.3333333333333333,0.3333333333333333,0.17777777777777776,0.3333333333333333,{'property': 'maneuverable'},maneuverable,0.0,0.0,0.0,0.0,0.0,{'property': 'inhabitable'},inhabitable,0.0,0.3333333333333333,0.0,0.3333333333333333,0.3333333333333333,{'property': 'inhabitable'},inhabitable,0.1111111111111111,0.3333333333333333,0.0,0.3333333333333333,0.2222222222222222,{'property': 'habitable'},habitable,0.0,0.3333333333333333,0.0,0.3333333333333333,0.3333333333333333,{'property': 'inhabitable'},inhabitable,0.1111111111111111,0.3333333333333333,0.0,0.3333333333333333,0.2222222222222222,0.04444444444444444,0.0,0.26666666666666666,0.3333333333333333,0.22222222222222224,0.3333333333333333
,"an army without a commander, or",army,commander,uniformed,canceled,"(canceled, canceled, component)","(3, 1, 3)","(5, 5, 4)","(2, 5, 4)",1.0,0.0,1.0,,False,0.8888888888888888,1.0,"['{""property"": ""organized""}', '{""property"": ""effective""}', '{""property"": ""effective""}', '{""property"": ""effective""}', '{""property"": ""coordinated""}']","['{""property"": ""organized""}', '{""property"": ""organized""}', '{""property"": ""organized""}', '{""property"": ""effective""}', '{""property"": ""effective""}']","['{""property"": ""effective""}', '{""property"": ""organized""}', '{""property"": ""organized""}', '{""property"": ""organized""}', '{""property"": ""effective""}']",{'property': 'organized'},organized,0.1111111111111111,0.8888888888888888,0.7777777777777778,0.8888888888888888,0.7777777777777777,{'property': 'effective'},effective,0.1111111111111111,0.7777777777777778,0.6666666666666666,0.7777777777777778,0.6666666666666667,{'property': 'effective'},effective,0.1111111111111111,0.7777777777777778,0.6666666666666666,0.7777777777777778,0.6666666666666667,{'property': 'effective'},effective,0.1111111111111111,0.7777777777777778,0.6666666666666666,0.7777777777777778,0.6666666666666667,{'property': 'coordinated'},coordinated,0.1111111111111111,0.8888888888888888,0.7777777777777778,0.8888888888888888,0.7777777777777777,0.11111111111111112,0.1111111111111111,0.8222222222222222,0.8888888888888888,0.711111111111111,0.7777777777777777,{'property': 'organized'},organized,0.1111111111111111,0.8888888888888888,0.7777777777777778,0.8888888888888888,0.7777777777777777,{'property': 'organized'},organized,0.1111111111111111,0.8888888888888888,0.7777777777777778,0.8888888888888888,0.7777777777777777,{'property': 'organized'},organized,0.1111111111111111,0.8888888888888888,0.7777777777777778,0.8888888888888888,0.7777777777777777,{'property': 'effective'},effective,0.1111111111111111,0.7777777777777778,0.6666666666666666,0.7777777777777778,0.6666666666666667,{'property': 'effective'},effective,0.1111111111111111,0.7777777777777778,0.6666666666666666,0.7777777777777778,0.6666666666666667,0.11111111111111112,0.1111111111111111,0.8444444444444444,0.8888888888888888,0.7333333333333334,0.7777777777777777,{'property': 'effective'},effective,0.1111111111111111,0.7777777777777778,0.6666666666666666,0.7777777777777778,0.6666666666666667,{'property': 'organized'},organized,0.1111111111111111,0.8888888888888888,0.7777777777777778,0.8888888888888888,0.7777777777777777,{'property': 'organized'},organized,0.1111111111111111,0.8888888888888888,0.7777777777777778,0.8888888888888888,0.7777777777777777,{'property': 'organized'},organized,0.1111111111111111,0.8888888888888888,0.7777777777777778,0.8888888888888888,0.7777777777777777,{'property': 'effective'},effective,0.1111111111111111,0.7777777777777778,0.6666666666666666,0.7777777777777778,0.6666666666666667,0.11111111111111112,0.1111111111111111,0.8444444444444444,0.8888888888888888,0.7333333333333334,0.7777777777777777
"The second one would have to be built kind of like a ship in the bottle to make it fit inside, which is not entirely practical. ",a ship in the bottle,ship,bottle,engine-powered or sail-driven,canceled,"(canceled, canceled, canceled)","(2, 2, 1)","(5, 5, 4)","(1, 1, 1)",0.8888888888888888,0.0,0.8888888888888888,,False,0.0,0.8888888888888888,"['{""property"": ""seaworthy""}', '{""property"": ""navigable""}', '{""property"": ""seaworthy""}', '{""property"": ""seaworthy""}', '{""property"": ""seaworthy""}']","['{""property"": ""seaworthy""}', '{""property"": ""navigable""}', '{""property"": ""seaworthy""}', '{""property"": ""sailable""}', '{""property"": ""seaworthy""}']","['{""property"": ""seaworthy""}', '{""property"": ""seaworthy""}', '{""property"": ""seaworthy""}', '{""property"": ""sailable""}', '{""property"": ""seaworthy""}']",{'property': 'seaworthy'},seaworthy,0.0,0.7777777777777778,0.1111111111111111,0.7777777777777778,0.7777777777777778,{'property': 'navigable'},navigable,0.0,0.8888888888888888,0.0,0.8888888888888888,0.8888888888888888,{'property': 'seaworthy'},seaworthy,0.0,0.7777777777777778,0.1111111111111111,0.7777777777777778,0.7777777777777778,{'property': 'seaworthy'},seaworthy,0.0,0.7777777777777778,0.1111111111111111,0.7777777777777778,0.7777777777777778,{'property': 'seaworthy'},seaworthy,0.0,0.7777777777777778,0.1111111111111111,0.7777777777777778,0.7777777777777778,0.0,0.0,0.7999999999999999,0.8888888888888888,0.7999999999999999,0.8888888888888888,{'property': 'seaworthy'},seaworthy,0.0,0.8888888888888888,0.1111111111111111,0.8888888888888888,0.8888888888888888,{'property': 'navigable'},navigable,0.0,1.0,0.0,1.0,1.0,{'property': 'seaworthy'},seaworthy,0.0,0.7777777777777778,0.1111111111111111,0.7777777777777778,0.7777777777777778,{'property': 'sailable'},sailable,0.0,0.8888888888888888,0.0,0.8888888888888888,0.8888888888888888,{'property': 'seaworthy'},seaworthy,0.0,0.7777777777777778,0.1111111111111111,0.7777777777777778,0.7777777777777778,0.0,0.0,0.8666666666666666,1.0,0.8666666666666666,1.0,{'property': 'seaworthy'},seaworthy,0.0,0.7777777777777778,0.1111111111111111,0.7777777777777778,0.7777777777777778,{'property': 'seaworthy'},seaworthy,0.0,0.7777777777777778,0.1111111111111111,0.7777777777777778,0.7777777777777778,{'property': 'seaworthy'},seaworthy,0.0,0.7777777777777778,0.1111111111111111,0.7777777777777778,0.7777777777777778,{'property': 'sailable'},sailable,0.0,0.8888888888888888,0.0,0.8888888888888888,0.8888888888888888,{'property': 'seaworthy'},seaworthy,0.0,0.8888888888888888,0.1111111111111111,0.8888888888888888,0.8888888888888888,0.0,0.0,0.8222222222222222,0.8888888888888888,0.8222222222222222,0.8888888888888888
So like any game of telephone I bet these guys now think that urine cures everything like the Windex grandpa in Big Fat Greek Wedding lol.,any game of telephone,game,telephone,useful,canceled,"(canceled, canceled, others)","(3, 2, 2)","(1, 4, 3)","(2, 3, 4)",0.6666666666666666,0.2222222222222222,0.3333333333333333,0.888888889,False,0.8888888888888888,0.8888888888888888,"['{""property"": ""reliable""}', '{""property"": ""reliable""}', '{""property"": ""reliable""}', '{""property"": ""clear""}', '{""property"": ""reliable""}']","['{""property"": ""accurate""}', '{""property"": ""accurate""}', '{""property"": ""trustworthy""}', '{""property"": ""reliable""}', '{""property"": ""accurate""}']","['{""property"": ""accurate""}', '{""property"": ""accurate""}', '{""property"": ""accurate""}', '{""property"": ""reliable""}', '{""property"": ""reliable""}']",{'property': 'reliable'},reliable,0.1111111111111111,0.3333333333333333,0.6666666666666666,0.6666666666666666,0.5555555555555556,{'property': 'reliable'},reliable,0.1111111111111111,0.3333333333333333,0.6666666666666666,0.6666666666666666,0.5555555555555556,{'property': 'reliable'},reliable,0.1111111111111111,0.3333333333333333,0.7777777777777778,0.7777777777777778,0.6666666666666667,{'property': 'clear'},clear,0.0,0.3333333333333333,0.5555555555555556,0.5555555555555556,0.5555555555555556,{'property': 'reliable'},reliable,0.1111111111111111,0.3333333333333333,0.7777777777777778,0.7777777777777778,0.6666666666666667,0.08888888888888888,0.0,0.6888888888888889,0.7777777777777778,0.6,0.6666666666666667,{'property': 'accurate'},accurate,0.1111111111111111,0.3333333333333333,0.5555555555555556,0.5555555555555556,0.4444444444444445,{'property': 'accurate'},accurate,0.1111111111111111,0.3333333333333333,0.5555555555555556,0.5555555555555556,0.4444444444444445,{'property': 'trustworthy'},trustworthy,0.1111111111111111,0.3333333333333333,0.3333333333333333,0.3333333333333333,0.2222222222222222,{'property': 'reliable'},reliable,0.1111111111111111,0.3333333333333333,0.6666666666666666,0.6666666666666666,0.5555555555555556,{'property': 'accurate'},accurate,0.1111111111111111,0.3333333333333333,0.5555555555555556,0.5555555555555556,0.4444444444444445,0.11111111111111112,0.1111111111111111,0.5333333333333334,0.6666666666666666,0.4222222222222222,0.5555555555555556,{'property': 'accurate'},accurate,0.1111111111111111,0.3333333333333333,0.5555555555555556,0.5555555555555556,0.4444444444444445,{'property': 'accurate'},accurate,0.1111111111111111,0.3333333333333333,0.5555555555555556,0.5555555555555556,0.4444444444444445,{'property': 'accurate'},accurate,0.1111111111111111,0.3333333333333333,0.5555555555555556,0.5555555555555556,0.4444444444444445,{'property': 'reliable'},reliable,0.1111111111111111,0.3333333333333333,0.7777777777777778,0.7777777777777778,0.6666666666666667,{'property': 'reliable'},reliable,0.1111111111111111,0.3333333333333333,0.6666666666666666,0.6666666666666666,0.5555555555555556,0.11111111111111112,0.1111111111111111,0.6222222222222222,0.7777777777777778,0.5111111111111111,0.6666666666666667
Using literal darkness and light as tools for deconstruction is about as subtle as a train to the face.,a train to the face,train,face,symmetrical,canceled,"(others, canceled, canceled)","(1, 1, 1)","(2, 2, 1)","(4, 4, 5)",0.7777777777777778,0.0,0.7777777777777778,0.811111111,False,0.5555555555555556,0.7777777777777778,"['{""property"": ""welcome""}', '{""property"": ""functional""}', '{""property"": ""transporting people""}', '{""property"": ""functional""}', '{""property"": ""useful""}']","['{""property"": ""functional""}', '{""property"": ""useful""}', '{""property"": ""functional""}', '{""property"": ""fast""}', '{""property"": ""functional""}']","['{""property"": ""welcome""}', '{""property"": ""fast""}', '{""property"": ""usable""}', '{""property"": ""efficient""}', '{""property"": ""useful""}']",{'property': 'welcome'},welcome,0.0,0.3333333333333333,0.3333333333333333,0.3333333333333333,0.3333333333333333,{'property': 'functional'},functional,0.0,0.8888888888888888,0.8888888888888888,0.8888888888888888,0.8888888888888888,{'property': 'transporting people'},transporting people,0.0,0.8888888888888888,0.0,0.8888888888888888,0.8888888888888888,{'property': 'functional'},functional,0.0,0.8888888888888888,0.7777777777777778,0.8888888888888888,0.8888888888888888,{'property': 'useful'},useful,0.0,0.8888888888888888,0.8888888888888888,0.8888888888888888,0.8888888888888888,0.0,0.0,0.7777777777777777,0.8888888888888888,0.7777777777777777,0.8888888888888888,{'property': 'functional'},functional,0.0,0.8888888888888888,0.8888888888888888,0.8888888888888888,0.8888888888888888,{'property': 'useful'},useful,0.0,0.8888888888888888,0.8888888888888888,0.8888888888888888,0.8888888888888888,{'property': 'functional'},functional,0.0,0.8888888888888888,0.8888888888888888,0.8888888888888888,0.8888888888888888,{'property': 'fast'},fast,1.0,0.6666666666666666,0.0,0.6666666666666666,0.0,{'property': 'functional'},functional,0.0,0.8888888888888888,0.8888888888888888,0.8888888888888888,0.8888888888888888,0.2,0.0,0.8444444444444443,0.8888888888888888,0.711111111111111,0.8888888888888888,{'property': 'welcome'},welcome,0.0,0.3333333333333333,0.3333333333333333,0.3333333333333333,0.3333333333333333,{'property': 'fast'},fast,1.0,0.6666666666666666,0.0,0.6666666666666666,0.0,{'property': 'usable'},usable,0.0,0.8888888888888888,0.7777777777777778,0.8888888888888888,0.8888888888888888,{'property': 'efficient'},efficient,0.0,0.7777777777777778,0.1111111111111111,0.7777777777777778,0.7777777777777778,{'property': 'useful'},useful,0.0,0.8888888888888888,0.7777777777777778,0.8888888888888888,0.8888888888888888,0.2,0.0,0.711111111111111,0.8888888888888888,0.5777777777777777,0.8888888888888888
"Generally the people he's worked with so far have been pretty awesome at work, but occasionally I feel a little like the episode of friends when Rachel, Joey, and Phoebe explain to the others that they can't afford those nice restaurants and evenings out.",the episode of friends,episode,friend,care,canceled,"(canceled, canceled, component)","(1, 1, 4)","(1, 1, 2)","(4, 4, 4)",0.4444444444444445,0.3333333333333333,0.0,1.0,False,0.7777777777777778,0.7777777777777778,"['{""property"": ""real""}', '{""property"": ""real""}', '{""property"": ""scripted""}', '{""property"": ""fictional""}', '{""property"": ""scripted""}']","['{""property"": ""long""}', '{""property"": ""real""}', '{""property"": ""short""}', '{""property"": ""scripted""}', '{""property"": ""long-running""}']","['{""property"": ""fictional""}', '{""property"": ""real""}', '{""property"": ""long-running""}', '{""property"": ""real""}', '{""property"": ""scripted""}']",{'property': 'real'},real,0.0,0.3333333333333333,0.5555555555555556,0.5555555555555556,0.5555555555555556,{'property': 'real'},real,0.0,0.3333333333333333,0.5555555555555556,0.5555555555555556,0.5555555555555556,{'property': 'scripted'},scripted,1.0,0.5555555555555556,0.0,0.5555555555555556,0.0,{'property': 'fictional'},fictional,1.0,0.5555555555555556,0.2222222222222222,0.5555555555555556,0.0,{'property': 'scripted'},scripted,1.0,0.5555555555555556,0.0,0.5555555555555556,0.0,0.6,0.0,0.5555555555555556,0.5555555555555556,0.22222222222222224,0.5555555555555556,{'property': 'long'},long,0.1111111111111111,0.3333333333333333,0.0,0.3333333333333333,0.2222222222222222,{'property': 'real'},real,0.0,0.3333333333333333,0.5555555555555556,0.5555555555555556,0.5555555555555556,{'property': 'short'},short,0.3333333333333333,0.3333333333333333,0.3333333333333333,0.3333333333333333,0.0,{'property': 'scripted'},scripted,1.0,0.6666666666666666,0.0,0.6666666666666666,0.0,{'property': 'long-running'},long-running,0.0,0.3333333333333333,0.3333333333333333,0.3333333333333333,0.3333333333333333,0.28888888888888886,0.0,0.4444444444444445,0.6666666666666666,0.22222222222222224,0.5555555555555556,{'property': 'fictional'},fictional,1.0,0.5555555555555556,0.1111111111111111,0.5555555555555556,0.0,{'property': 'real'},real,0.0,0.3333333333333333,0.5555555555555556,0.5555555555555556,0.5555555555555556,{'property': 'long-running'},long-running,0.0,0.1111111111111111,0.3333333333333333,0.3333333333333333,0.3333333333333333,{'property': 'real'},real,0.0,0.3333333333333333,0.5555555555555556,0.5555555555555556,0.5555555555555556,{'property': 'scripted'},scripted,1.0,0.5555555555555556,0.0,0.5555555555555556,0.0,0.4,0.0,0.5111111111111111,0.5555555555555556,0.28888888888888886,0.5555555555555556
"Either you're hitting a server limit, in which case even the worst passwords will take decades or centuries to crack, or you're not and can send an arbitrary number of passwords and any humanrememberable password is about as secure as a plastic padlock.",a plastic padlock,padlock,plastic,hard,canceled,"(canceled, canceled, canceled)","(3, 3, 3)","(5, 5, 5)","(2, 2, 2)",0.7777777777777778,0.0,0.7777777777777778,0.355555556,False,0.3333333333333333,0.7777777777777778,"['{""property"": ""rusts""}', '{""property"": ""rusty""}', '{""property"": ""rusts""}', '{""property"": ""rusts""}', '{""property"": ""rusty""}']","['{""property"": ""rusts""}', '{""property"": ""rusty""}', '{""property"": ""rusts""}', '{""property"": ""rusty""}', '{""property"": ""rusty""}']","['{""property"": ""rusts""}', '{""property"": ""rusts""}', '{""property"": ""rusts""}', '{""property"": ""rusty""}', '{""property"": ""rusts""}']",{'property': 'rusts'},rusts,0.0,0.6666666666666666,0.0,0.6666666666666666,0.6666666666666666,{'property': 'rusty'},rusty,0.0,0.5555555555555556,0.0,0.5555555555555556,0.5555555555555556,{'property': 'rusts'},rusts,0.0,0.6666666666666666,0.0,0.6666666666666666,0.6666666666666666,{'property': 'rusts'},rusts,0.0,0.6666666666666666,0.0,0.6666666666666666,0.6666666666666666,{'property': 'rusty'},rusty,0.0,0.5555555555555556,0.0,0.5555555555555556,0.5555555555555556,0.0,0.0,0.6222222222222221,0.6666666666666666,0.6222222222222221,0.6666666666666666,{'property': 'rusts'},rusts,0.0,0.6666666666666666,0.0,0.6666666666666666,0.6666666666666666,{'property': 'rusty'},rusty,0.0,0.5555555555555556,0.0,0.5555555555555556,0.5555555555555556,{'property': 'rusts'},rusts,0.0,0.6666666666666666,0.0,0.6666666666666666,0.6666666666666666,{'property': 'rusty'},rusty,0.0,0.5555555555555556,0.0,0.5555555555555556,0.5555555555555556,{'property': 'rusty'},rusty,0.0,0.5555555555555556,0.0,0.5555555555555556,0.5555555555555556,0.0,0.0,0.6,0.6666666666666666,0.6,0.6666666666666666,{'property': 'rusts'},rusts,0.0,0.6666666666666666,0.0,0.6666666666666666,0.6666666666666666,{'property': 'rusts'},rusts,0.0,0.6666666666666666,0.0,0.6666666666666666,0.6666666666666666,{'property': 'rusts'},rusts,0.0,0.6666666666666666,0.0,0.6666666666666666,0.6666666666666666,{'property': 'rusty'},rusty,0.0,0.5555555555555556,0.0,0.5555555555555556,0.5555555555555556,{'property': 'rusts'},rusts,0.0,0.6666666666666666,0.0,0.6666666666666666,0.6666666666666666,0.0,0.0,0.6444444444444444,0.6666666666666666,0.6444444444444444,0.6666666666666666
,hens ' teeth and,tooth,hen,enamel-coated,canceled,"(canceled, others, canceled)","(1, 1, 1)","(5, 4, 5)","(1, 1, 1)",1.0,0.0,1.0,,False,0.0,1.0,"['{""property"": ""sharp""}', '{""property"": ""sharp""}', '{""property"": ""sharp""}', '{""property"": ""sharp""}', '{""property"": ""sharp""}']","['{""property"": ""sharp""}', '{""property"": ""sharp""}', '{""property"": ""sharp""}', '{""property"": ""sharp""}', '{""property"": ""sharp""}']","['{""property"": ""sharp""}', '{""property"": ""sharp""}', '{""property"": ""sharp""}', '{""property"": ""sharp""}', '{""property"": ""sharp""}']",{'property': 'sharp'},sharp,0.0,0.5555555555555556,0.1111111111111111,0.5555555555555556,0.5555555555555556,{'property': 'sharp'},sharp,0.0,0.5555555555555556,0.1111111111111111,0.5555555555555556,0.5555555555555556,{'property': 'sharp'},sharp,0.0,0.5555555555555556,0.1111111111111111,0.5555555555555556,0.5555555555555556,{'property': 'sharp'},sharp,0.0,0.5555555555555556,0.1111111111111111,0.5555555555555556,0.5555555555555556,{'property': 'sharp'},sharp,0.0,0.5555555555555556,0.1111111111111111,0.5555555555555556,0.5555555555555556,0.0,0.0,0.5555555555555556,0.5555555555555556,0.5555555555555556,0.5555555555555556,{'property': 'sharp'},sharp,0.0,0.5555555555555556,0.1111111111111111,0.5555555555555556,0.5555555555555556,{'property': 'sharp'},sharp,0.0,0.5555555555555556,0.1111111111111111,0.5555555555555556,0.5555555555555556,{'property': 'sharp'},sharp,0.0,0.5555555555555556,0.1111111111111111,0.5555555555555556,0.5555555555555556,{'property': 'sharp'},sharp,0.0,0.5555555555555556,0.1111111111111111,0.5555555555555556,0.5555555555555556,{'property': 'sharp'},sharp,0.0,0.5555555555555556,0.0,0.5555555555555556,0.5555555555555556,0.0,0.0,0.5555555555555556,0.5555555555555556,0.5555555555555556,0.5555555555555556,{'property': 'sharp'},sharp,0.0,0.5555555555555556,0.0,0.5555555555555556,0.5555555555555556,{'property': 'sharp'},sharp,0.0,0.5555555555555556,0.1111111111111111,0.5555555555555556,0.5555555555555556,{'property': 'sharp'},sharp,0.0,0.5555555555555556,0.1111111111111111,0.5555555555555556,0.5555555555555556,{'property': 'sharp'},sharp,0.0,0.5555555555555556,0.1111111111111111,0.5555555555555556,0.5555555555555556,{'property': 'sharp'},sharp,0.0,0.5555555555555556,0.1111111111111111,0.5555555555555556,0.5555555555555556,0.0,0.0,0.5555555555555556,0.5555555555555556,0.5555555555555556,0.5555555555555556
"The plate shivered, and Jeremy, after whimpering a little like a punished child, went outside also, got on his knees, and patiently gathered them together again, swinging his head with the pitiable and impotent vengeance of a child.",a punished child,child,punish,inquisitive,canceled,"(canceled, canceled, canceled)","(2, 2, 2)","(4, 4, 4)","(1, 1, 1)",0.5555555555555556,0.3333333333333333,0.8888888888888888,0.0,False,0.0,0.8888888888888888,"['{""property"": ""innocent""}', '{""property"": ""innocent""}', '{""property"": ""obedient""}', '{""property"": ""innocent""}', '{""property"": ""innocent""}']","['{""property"": ""innocent""}', '{""property"": ""obedient""}', '{""property"": ""obedient""}', '{""property"": ""innocent""}', '{""property"": ""innocent""}']","['{""property"": ""innocent""}', '{""property"": ""innocent""}', '{""property"": ""obedient""}', '{""property"": ""innocent""}', '{""property"": ""obedient""}']",{'property': 'innocent'},innocent,0.3333333333333333,0.7777777777777778,0.0,0.7777777777777778,0.4444444444444445,{'property': 'innocent'},innocent,0.3333333333333333,0.7777777777777778,0.0,0.7777777777777778,0.4444444444444445,{'property': 'obedient'},obedient,0.5555555555555556,0.3333333333333333,0.0,0.3333333333333333,0.0,{'property': 'innocent'},innocent,0.3333333333333333,0.7777777777777778,0.0,0.7777777777777778,0.4444444444444445,{'property': 'innocent'},innocent,0.3333333333333333,0.7777777777777778,0.0,0.7777777777777778,0.4444444444444445,0.37777777777777777,0.3333333333333333,0.6888888888888889,0.7777777777777778,0.35555555555555557,0.4444444444444445,{'property': 'innocent'},innocent,0.3333333333333333,0.7777777777777778,0.0,0.7777777777777778,0.4444444444444445,{'property': 'obedient'},obedient,0.5555555555555556,0.3333333333333333,0.0,0.3333333333333333,0.0,{'property': 'obedient'},obedient,0.5555555555555556,0.3333333333333333,0.0,0.3333333333333333,0.0,{'property': 'innocent'},innocent,0.3333333333333333,0.7777777777777778,0.0,0.7777777777777778,0.4444444444444445,{'property': 'innocent'},innocent,0.3333333333333333,0.7777777777777778,0.0,0.7777777777777778,0.4444444444444445,0.4222222222222222,0.3333333333333333,0.6,0.7777777777777778,0.2666666666666667,0.4444444444444445,{'property': 'innocent'},innocent,0.3333333333333333,0.7777777777777778,0.0,0.7777777777777778,0.4444444444444445,{'property': 'innocent'},innocent,0.3333333333333333,0.7777777777777778,0.0,0.7777777777777778,0.4444444444444445,{'property': 'obedient'},obedient,0.3333333333333333,0.3333333333333333,0.0,0.3333333333333333,0.0,{'property': 'innocent'},innocent,0.3333333333333333,0.7777777777777778,0.0,0.7777777777777778,0.4444444444444445,{'property': 'obedient'},obedient,0.5555555555555556,0.3333333333333333,0.0,0.3333333333333333,0.0,0.37777777777777777,0.3333333333333333,0.6,0.7777777777777778,0.2666666666666667,0.4444444444444445
"Thousands of languages can thus have been chattered successively on thousands of territorieslanguages lacking precision, essentially musical, a succession of phrases in which certain sounds only corresponded to realities but these sounds, in spite of their importance, in spite of their utilitarian and representative value, may be supposed to have been at first almost as fugitive as the rest of the speech.",the rest of the speech,rest,speech,refresh,canceled,"(canceled, canceled, canceled)","(1, 1, 1)","(3, 5, 5)","(1, 1, 1)",0.4444444444444445,0.3333333333333333,0.7777777777777778,0.533333333,False,0.3333333333333333,0.7777777777777778,"['{""property"": ""coherent""}', '{""property"": ""complete""}', '{""property"": ""long""}', '{""property"": ""rehearsed""}', '{""property"": ""informative""}']","['{""property"": ""prepared""}', '{""property"": ""prepared""}', '{""property"": ""coherent""}', '{""property"": ""rehearsed""}', '{""property"": ""prepared""}']","['{""property"": ""prepared""}', '{""property"": ""informative""}', '{""property"": ""prepared""}', '{""property"": ""prepared""}', '{""property"": ""coherent""}']",{'property': 'coherent'},coherent,0.3333333333333333,0.3333333333333333,0.5555555555555556,0.5555555555555556,0.2222222222222222,{'property': 'complete'},complete,0.3333333333333333,0.3333333333333333,0.3333333333333333,0.3333333333333333,0.0,{'property': 'long'},long,0.3333333333333333,0.3333333333333333,0.3333333333333333,0.3333333333333333,0.0,{'property': 'rehearsed'},rehearsed,0.3333333333333333,0.0,0.3333333333333333,0.3333333333333333,0.0,{'property': 'informative'},informative,0.3333333333333333,0.1111111111111111,0.5555555555555556,0.5555555555555556,0.2222222222222222,0.3333333333333333,0.3333333333333333,0.42222222222222217,0.5555555555555556,0.08888888888888888,0.2222222222222222,{'property': 'prepared'},prepared,0.3333333333333333,0.3333333333333333,0.3333333333333333,0.3333333333333333,0.0,{'property': 'prepared'},prepared,0.3333333333333333,0.3333333333333333,0.3333333333333333,0.3333333333333333,0.0,{'property': 'coherent'},coherent,0.3333333333333333,0.3333333333333333,0.5555555555555556,0.5555555555555556,0.2222222222222222,{'property': 'rehearsed'},rehearsed,0.3333333333333333,0.0,0.3333333333333333,0.3333333333333333,0.0,{'property': 'prepared'},prepared,0.3333333333333333,0.3333333333333333,0.3333333333333333,0.3333333333333333,0.0,0.3333333333333333,0.3333333333333333,0.37777777777777777,0.5555555555555556,0.04444444444444444,0.2222222222222222,{'property': 'prepared'},prepared,0.3333333333333333,0.3333333333333333,0.3333333333333333,0.3333333333333333,0.0,{'property': 'informative'},informative,0.3333333333333333,0.0,0.5555555555555556,0.5555555555555556,0.2222222222222222,{'property': 'prepared'},prepared,0.3333333333333333,0.3333333333333333,0.3333333333333333,0.3333333333333333,0.0,{'property': 'prepared'},prepared,0.3333333333333333,0.3333333333333333,0.3333333333333333,0.3333333333333333,0.0,{'property': 'coherent'},coherent,0.3333333333333333,0.3333333333333333,0.5555555555555556,0.5555555555555556,0.2222222222222222,0.3333333333333333,0.3333333333333333,0.42222222222222217,0.5555555555555556,0.08888888888888888,0.2222222222222222
"only just turned twentythree , saqib had been as straight as an arrow growing up , never in trouble and never causing any .",an arrow growing up,arrow,grow,sharp,canceled,"(canceled, canceled, canceled)","(3, 2, 1)","(5, 4, 5)","(1, 1, 1)",0.7777777777777778,0.0,0.7777777777777778,0.0,False,0.0,0.7777777777777778,"['{""property"": ""stationary""}', '{""property"": ""stationary""}', '{""property"": ""stationary""}', '{""property"": ""stationary""}', '{""property"": ""stationary""}']","['{""property"": ""straight""}', '{""property"": ""stationary""}', '{""property"": ""stationary""}', '{""property"": ""stationary""}', '{""property"": ""stationary""}']","['{""property"": ""stationary""}', '{""property"": ""stationary""}', '{""property"": ""stationary""}', '{""property"": ""stationary""}', '{""property"": ""stationary""}']",{'property': 'stationary'},stationary,0.0,0.1111111111111111,0.0,0.1111111111111111,0.1111111111111111,{'property': 'stationary'},stationary,0.0,0.0,0.0,0.0,0.0,{'property': 'stationary'},stationary,0.0,0.0,0.0,0.0,0.0,{'property': 'stationary'},stationary,0.0,0.0,0.0,0.0,0.0,{'property': 'stationary'},stationary,0.0,0.0,0.0,0.0,0.0,0.0,0.0,0.02222222222222222,0.1111111111111111,0.02222222222222222,0.1111111111111111,{'property': 'straight'},straight,0.8888888888888888,0.8888888888888888,0.3333333333333333,0.8888888888888888,0.0,{'property': 'stationary'},stationary,0.0,0.0,0.0,0.0,0.0,{'property': 'stationary'},stationary,0.0,0.0,0.0,0.0,0.0,{'property': 'stationary'},stationary,0.0,0.0,0.0,0.0,0.0,{'property': 'stationary'},stationary,0.0,0.1111111111111111,0.0,0.1111111111111111,0.1111111111111111,0.17777777777777776,0.0,0.2,0.8888888888888888,0.02222222222222222,0.1111111111111111,{'property': 'stationary'},stationary,0.0,0.0,0.0,0.0,0.0,{'property': 'stationary'},stationary,0.0,0.1111111111111111,0.0,0.1111111111111111,0.1111111111111111,{'property': 'stationary'},stationary,0.0,0.1111111111111111,0.0,0.1111111111111111,0.1111111111111111,{'property': 'stationary'},stationary,0.0,0.0,0.0,0.0,0.0,{'property': 'stationary'},stationary,0.0,0.0,0.0,0.0,0.0,0.0,0.0,0.04444444444444444,0.1111111111111111,0.04444444444444444,0.1111111111111111
,a white blackbird,blackbird,white,black,canceled,"(canceled, canceled, canceled)","(1, 2, 2)","(5, 5, 5)","(1, 1, 1)",0.8888888888888888,0.0,0.8888888888888888,,False,0.0,0.8888888888888888,"['{""property"": ""black""}', '{""property"": ""black""}', '{""property"": ""black""}', '{""property"": ""black""}', '{""property"": ""common""}']","['{""property"": ""black""}', '{""property"": ""black""}', '{""property"": ""typical""}', '{""property"": ""black""}', '{""property"": ""black""}']","['{""property"": ""black""}', '{""property"": ""black""}', '{""property"": ""black""}', '{""property"": ""black""}', '{""property"": ""black""}']",{'property': 'black'},black,0.0,0.8888888888888888,0.0,0.8888888888888888,0.8888888888888888,{'property': 'black'},black,0.0,0.8888888888888888,0.0,0.8888888888888888,0.8888888888888888,{'property': 'black'},black,0.0,0.8888888888888888,0.0,0.8888888888888888,0.8888888888888888,{'property': 'black'},black,0.0,0.8888888888888888,0.0,0.8888888888888888,0.8888888888888888,{'property': 'common'},common,0.0,0.7777777777777778,0.7777777777777778,0.7777777777777778,0.7777777777777778,0.0,0.0,0.8666666666666666,0.8888888888888888,0.8666666666666666,0.8888888888888888,{'property': 'black'},black,0.0,0.8888888888888888,0.0,0.8888888888888888,0.8888888888888888,{'property': 'black'},black,0.0,0.8888888888888888,0.0,0.8888888888888888,0.8888888888888888,{'property': 'typical'},typical,0.0,0.3333333333333333,0.3333333333333333,0.3333333333333333,0.3333333333333333,{'property': 'black'},black,0.0,0.8888888888888888,0.0,0.8888888888888888,0.8888888888888888,{'property': 'black'},black,0.0,0.8888888888888888,0.0,0.8888888888888888,0.8888888888888888,0.0,0.0,0.7777777777777778,0.8888888888888888,0.7777777777777778,0.8888888888888888,{'property': 'black'},black,0.0,0.8888888888888888,0.0,0.8888888888888888,0.8888888888888888,{'property': 'black'},black,0.0,0.8888888888888888,0.0,0.8888888888888888,0.8888888888888888,{'property': 'black'},black,0.0,0.8888888888888888,0.0,0.8888888888888888,0.8888888888888888,{'property': 'black'},black,0.0,0.8888888888888888,0.0,0.8888888888888888,0.8888888888888888,{'property': 'black'},black,0.0,0.8888888888888888,0.0,0.8888888888888888,0.8888888888888888,0.0,0.0,0.888888888888889,0.8888888888888888,0.888888888888889,0.8888888888888888
we work together like lions in a pride .,lions in a pride,lion,pride,feel,canceled,"(others, canceled, canceled)","(5, 1, 1)","(3, 1, 1)","(4, 3, 4)",0.3333333333333332,0.5555555555555556,0.0,1.0,False,0.8888888888888888,0.8888888888888888,"['{""property"": ""solitary""}', '{""property"": ""solitary""}', '{""property"": ""solitary""}', '{""property"": ""solitary""}', '{""property"": ""solitary""}']","['{""property"": ""lonely""}', '{""property"": ""solitary""}', '{""property"": ""lonely""}', '{""property"": ""solitary""}', '{""property"": ""solitary""}']","['{""property"": ""solitary""}', '{""property"": ""solitary""}', '{""property"": ""solitary""}', '{""property"": ""solitary""}', '{""property"": ""solitary""}']",{'property': 'solitary'},solitary,0.0,0.3333333333333333,0.0,0.3333333333333333,0.3333333333333333,{'property': 'solitary'},solitary,0.0,0.3333333333333333,0.0,0.3333333333333333,0.3333333333333333,{'property': 'solitary'},solitary,0.0,0.3333333333333333,0.0,0.3333333333333333,0.3333333333333333,{'property': 'solitary'},solitary,0.0,0.3333333333333333,0.0,0.3333333333333333,0.3333333333333333,{'property': 'solitary'},solitary,0.0,0.3333333333333333,0.0,0.3333333333333333,0.3333333333333333,0.0,0.0,0.3333333333333333,0.3333333333333333,0.3333333333333333,0.3333333333333333,{'property': 'lonely'},lonely,0.0,0.2222222222222222,0.3333333333333333,0.3333333333333333,0.3333333333333333,{'property': 'solitary'},solitary,0.0,0.3333333333333333,0.0,0.3333333333333333,0.3333333333333333,{'property': 'lonely'},lonely,0.0,0.3333333333333333,0.3333333333333333,0.3333333333333333,0.3333333333333333,{'property': 'solitary'},solitary,0.0,0.3333333333333333,0.0,0.3333333333333333,0.3333333333333333,{'property': 'solitary'},solitary,0.0,0.3333333333333333,0.0,0.3333333333333333,0.3333333333333333,0.0,0.0,0.3333333333333333,0.3333333333333333,0.3333333333333333,0.3333333333333333,{'property': 'solitary'},solitary,0.0,0.3333333333333333,0.0,0.3333333333333333,0.3333333333333333,{'property': 'solitary'},solitary,0.0,0.3333333333333333,0.0,0.3333333333333333,0.3333333333333333,{'property': 'solitary'},solitary,0.0,0.3333333333333333,0.0,0.3333333333333333,0.3333333333333333,{'property': 'solitary'},solitary,0.0,0.3333333333333333,0.0,0.3333333333333333,0.3333333333333333,{'property': 'solitary'},solitary,0.0,0.3333333333333333,0.0,0.3333333333333333,0.3333333333333333,0.0,0.0,0.3333333333333333,0.3333333333333333,0.3333333333333333,0.3333333333333333
Then like a bolt from the blue came a cable messagereceived at the little station near the lighthouse.,a bolt from the blue,bolt,blue,functional,canceled,"(others, canceled, canceled)","(1, 2, 1)","(4, 4, 5)","(1, 1, 1)",0.8888888888888888,0.0,0.8888888888888888,0.0,False,0.0,0.8888888888888888,"['{""property"": ""predictable""}', '{""property"": ""expected""}', '{""property"": ""predictable""}', '{""property"": ""predictable""}', '{""property"": ""predictable""}']","['{""property"": ""physical""}', '{""property"": ""predictable""}', '{""property"": ""predictable""}', '{""property"": ""expected""}', '{""property"": ""predictable""}']","['{""property"": ""predictable""}', '{""property"": ""predictable""}', '{""property"": ""predictable""}', '{""property"": ""predictable""}', '{""property"": ""predictable""}']",{'property': 'predictable'},predictable,0.0,0.3333333333333333,0.0,0.3333333333333333,0.3333333333333333,{'property': 'expected'},expected,0.0,0.3333333333333333,0.0,0.3333333333333333,0.3333333333333333,{'property': 'predictable'},predictable,0.0,0.3333333333333333,0.0,0.3333333333333333,0.3333333333333333,{'property': 'predictable'},predictable,0.0,0.3333333333333333,0.0,0.3333333333333333,0.3333333333333333,{'property': 'predictable'},predictable,0.0,0.2222222222222222,0.0,0.2222222222222222,0.2222222222222222,0.0,0.0,0.31111111111111106,0.3333333333333333,0.31111111111111106,0.3333333333333333,{'property': 'physical'},physical,0.0,1.0,0.0,1.0,1.0,{'property': 'predictable'},predictable,0.0,0.3333333333333333,0.0,0.3333333333333333,0.3333333333333333,{'property': 'predictable'},predictable,0.0,0.2222222222222222,0.0,0.2222222222222222,0.2222222222222222,{'property': 'expected'},expected,0.0,0.3333333333333333,0.0,0.3333333333333333,0.3333333333333333,{'property': 'predictable'},predictable,0.0,0.3333333333333333,0.0,0.3333333333333333,0.3333333333333333,0.0,0.0,0.44444444444444436,1.0,0.44444444444444436,1.0,{'property': 'predictable'},predictable,0.0,0.3333333333333333,0.0,0.3333333333333333,0.3333333333333333,{'property': 'predictable'},predictable,0.0,0.2222222222222222,0.0,0.2222222222222222,0.2222222222222222,{'property': 'predictable'},predictable,0.0,0.3333333333333333,0.0,0.3333333333333333,0.3333333333333333,{'property': 'predictable'},predictable,0.0,0.3333333333333333,0.0,0.3333333333333333,0.3333333333333333,{'property': 'predictable'},predictable,0.0,0.2222222222222222,0.0,0.2222222222222222,0.2222222222222222,0.0,0.0,0.28888888888888886,0.3333333333333333,0.28888888888888886,0.3333333333333333
,a mosquito in ember,mosquito,ember,Bloodsucking,canceled,"(canceled, others, canceled)","(1, 2, 1)","(5, 5, 4)","(1, 1, 1)",1.0,0.0,1.0,,False,0.0,1.0,"['{""property"": ""alive""}', '{""property"": ""flying""}', '{""property"": ""harmful""}', '{""property"": ""harmful""}', '{""property"": ""harmful""}']","['{""property"": ""harmful""}', '{""property"": ""alive""}', '{""property"": ""flying""}', '{""property"": ""harmful""}', '{""property"": ""flying""}']","['{""property"": ""alive""}', '{""property"": ""harmful""}', '{""property"": ""harmful""}', '{""property"": ""alive""}', '{""property"": ""flying""}']",{'property': 'alive'},alive,0.0,0.5555555555555556,0.3333333333333333,0.5555555555555556,0.5555555555555556,{'property': 'flying'},flying,0.0,0.8888888888888888,0.0,0.8888888888888888,0.8888888888888888,{'property': 'harmful'},harmful,0.0,0.7777777777777778,0.5555555555555556,0.7777777777777778,0.7777777777777778,{'property': 'harmful'},harmful,0.0,0.7777777777777778,0.5555555555555556,0.7777777777777778,0.7777777777777778,{'property': 'harmful'},harmful,0.0,0.7777777777777778,0.5555555555555556,0.7777777777777778,0.7777777777777778,0.0,0.0,0.7555555555555555,0.8888888888888888,0.7555555555555555,0.8888888888888888,{'property': 'harmful'},harmful,0.0,0.7777777777777778,0.5555555555555556,0.7777777777777778,0.7777777777777778,{'property': 'alive'},alive,0.0,0.6666666666666666,0.3333333333333333,0.6666666666666666,0.6666666666666666,{'property': 'flying'},flying,0.0,0.8888888888888888,0.0,0.8888888888888888,0.8888888888888888,{'property': 'harmful'},harmful,0.0,0.7777777777777778,0.5555555555555556,0.7777777777777778,0.7777777777777778,{'property': 'flying'},flying,0.0,0.8888888888888888,0.0,0.8888888888888888,0.8888888888888888,0.0,0.0,0.7999999999999999,0.8888888888888888,0.7999999999999999,0.8888888888888888,{'property': 'alive'},alive,0.0,0.7777777777777778,0.3333333333333333,0.7777777777777778,0.7777777777777778,{'property': 'harmful'},harmful,0.0,0.7777777777777778,0.5555555555555556,0.7777777777777778,0.7777777777777778,{'property': 'harmful'},harmful,0.0,0.7777777777777778,0.5555555555555556,0.7777777777777778,0.7777777777777778,{'property': 'alive'},alive,0.0,0.7777777777777778,0.3333333333333333,0.7777777777777778,0.7777777777777778,{'property': 'flying'},flying,0.0,1.0,0.0,1.0,1.0,0.0,0.0,0.8222222222222222,1.0,0.8222222222222222,1.0
"to dennis , those holes looked strangely like floating eyes .",floating eyes,eye,float,clear,canceled,"(canceled, canceled, canceled)","(2, 2, 1)","(5, 4, 4)","(1, 2, 2)",0.6666666666666666,0.0,0.6666666666666666,0.344444444,False,0.3333333333333333,0.6666666666666666,"['{""property"": ""blinking""}', '{""property"": ""visible""}', '{""property"": ""visible""}', '{""property"": ""visible""}', '{""property"": ""blinking""}']","['{""property"": ""blinking""}', '{""property"": ""visible""}', '{""property"": ""blinking""}', '{""property"": ""blinking""}', '{""property"": ""blinking""}']","['{""property"": ""attractive""}', '{""property"": ""visible""}', '{""property"": ""blinking""}', '{""property"": ""visible""}', '{""property"": ""useful""}']",{'property': 'blinking'},blinking,0.0,0.8888888888888888,0.0,0.8888888888888888,0.8888888888888888,{'property': 'visible'},visible,1.0,1.0,0.3333333333333333,1.0,0.0,{'property': 'visible'},visible,1.0,0.8888888888888888,0.3333333333333333,0.8888888888888888,0.0,{'property': 'visible'},visible,1.0,0.8888888888888888,0.3333333333333333,0.8888888888888888,0.0,{'property': 'blinking'},blinking,0.0,0.8888888888888888,0.0,0.8888888888888888,0.8888888888888888,0.6,0.0,0.9111111111111111,1.0,0.3555555555555555,0.8888888888888888,{'property': 'blinking'},blinking,0.0,0.8888888888888888,0.0,0.8888888888888888,0.8888888888888888,{'property': 'visible'},visible,1.0,0.8888888888888888,0.3333333333333333,0.8888888888888888,0.0,{'property': 'blinking'},blinking,0.0,0.8888888888888888,0.0,0.8888888888888888,0.8888888888888888,{'property': 'blinking'},blinking,0.0,0.8888888888888888,0.0,0.8888888888888888,0.8888888888888888,{'property': 'blinking'},blinking,0.0,0.8888888888888888,0.0,0.8888888888888888,0.8888888888888888,0.2,0.0,0.888888888888889,0.8888888888888888,0.711111111111111,0.8888888888888888,{'property': 'attractive'},attractive,0.1111111111111111,0.3333333333333333,0.3333333333333333,0.3333333333333333,0.2222222222222222,{'property': 'visible'},visible,0.8888888888888888,0.8888888888888888,0.3333333333333333,0.8888888888888888,0.0,{'property': 'blinking'},blinking,0.0,0.8888888888888888,0.0,0.8888888888888888,0.8888888888888888,{'property': 'visible'},visible,1.0,0.8888888888888888,0.3333333333333333,0.8888888888888888,0.0,{'property': 'useful'},useful,0.0,1.0,0.5555555555555556,1.0,1.0,0.4,0.0,0.7999999999999999,1.0,0.4222222222222222,1.0
her pleading eyes melted his heart as quick as a glacier on the sun .,a glacier on the sun,glacier,sun,cold,canceled,"(canceled, canceled, canceled)","(1, 1, 1)","(5, 5, 5)","(1, 1, 1)",1.0,0.0,1.0,0.0,False,0.0,1.0,"['{""property"": ""frozen""}', '{""property"": ""cold""}', '{""property"": ""frozen""}', '{""property"": ""existing""}', '{""property"": ""frozen""}']","['{""property"": ""stable""}', '{""property"": ""frozen""}', '{""property"": ""cold""}', '{""property"": ""existing""}', '{""property"": ""existing""}']","['{""property"": ""stable""}', '{""property"": ""stable""}', '{""property"": ""stable""}', '{""property"": ""cold""}', '{""property"": ""stable""}']",{'property': 'frozen'},frozen,0.0,1.0,0.0,1.0,1.0,{'property': 'cold'},cold,0.0,1.0,0.0,1.0,1.0,{'property': 'frozen'},frozen,0.0,1.0,0.0,1.0,1.0,{'property': 'existing'},existing,0.0,0.8888888888888888,1.0,1.0,1.0,{'property': 'frozen'},frozen,0.0,1.0,0.0,1.0,1.0,0.0,0.0,1.0,1.0,1.0,1.0,{'property': 'stable'},stable,0.0,0.3333333333333333,0.8888888888888888,0.8888888888888888,0.8888888888888888,{'property': 'frozen'},frozen,0.0,1.0,0.0,1.0,1.0,{'property': 'cold'},cold,0.0,1.0,0.0,1.0,1.0,{'property': 'existing'},existing,0.0,1.0,1.0,1.0,1.0,{'property': 'existing'},existing,0.0,1.0,1.0,1.0,1.0,0.0,0.0,0.9777777777777779,1.0,0.9777777777777779,1.0,{'property': 'stable'},stable,0.0,0.3333333333333333,0.8888888888888888,0.8888888888888888,0.8888888888888888,{'property': 'stable'},stable,0.0,0.3333333333333333,1.0,1.0,1.0,{'property': 'stable'},stable,0.0,0.3333333333333333,1.0,1.0,1.0,{'property': 'cold'},cold,0.0,1.0,0.0,1.0,1.0,{'property': 'stable'},stable,0.0,0.3333333333333333,1.0,1.0,1.0,0.0,0.0,0.9777777777777779,1.0,0.9777777777777779,1.0
"The metal paneling on the walls next to us began to move to the side, collapsing together like the blinds of a window.",the blinds of a window,blind,window,blindly,canceled,"(canceled, others, canceled)","(3, 2, 1)","(5, 4, 5)","(2, 1, 1)",1.0,0.0,1.0,0.011111111,False,0.0,1.0,"['{""property"": ""visible""}', '{""property"": ""translucent""}', '{""property"": ""movable""}', '{""property"": ""see-through""}', '{""property"": ""translucent""}']","['{""property"": ""movable""}', '{""property"": ""opaque""}', '{""property"": ""see-through""}', '{""property"": ""opaque""}', '{""property"": ""transparency""}']","['{""property"": ""decorative""}', '{""property"": ""see-through""}', '{""property"": ""transparent""}', '{""property"": ""mobile""}', '{""property"": ""movable""}']",{'property': 'visible'},visible,0.5555555555555556,0.0,0.8888888888888888,0.8888888888888888,0.3333333333333332,{'property': 'translucent'},translucent,0.3333333333333333,0.0,0.8888888888888888,0.8888888888888888,0.5555555555555556,{'property': 'movable'},movable,1.0,0.3333333333333333,0.1111111111111111,0.3333333333333333,0.0,{'property': 'see-through'},see-through,0.0,0.0,1.0,1.0,1.0,{'property': 'translucent'},translucent,0.3333333333333333,0.0,0.8888888888888888,0.8888888888888888,0.5555555555555556,0.4444444444444445,0.0,0.8,1.0,0.48888888888888893,1.0,{'property': 'movable'},movable,1.0,0.3333333333333333,0.2222222222222222,0.3333333333333333,0.0,{'property': 'opaque'},opaque,0.5555555555555556,0.8888888888888888,0.0,0.8888888888888888,0.3333333333333332,{'property': 'see-through'},see-through,0.0,0.0,0.8888888888888888,0.8888888888888888,0.8888888888888888,{'property': 'opaque'},opaque,0.3333333333333333,0.8888888888888888,0.0,0.8888888888888888,0.5555555555555556,{'property': 'transparency'},transparency,0.0,0.0,0.8888888888888888,0.8888888888888888,0.8888888888888888,0.37777777777777777,0.0,0.7777777777777777,0.8888888888888888,0.5333333333333333,0.8888888888888888,{'property': 'decorative'},decorative,0.3333333333333333,0.0,0.5555555555555556,0.5555555555555556,0.2222222222222222,{'property': 'see-through'},see-through,0.0,0.0,1.0,1.0,1.0,{'property': 'transparent'},transparent,0.0,0.0,0.8888888888888888,0.8888888888888888,0.8888888888888888,{'property': 'mobile'},mobile,0.5555555555555556,0.3333333333333333,0.0,0.3333333333333333,0.0,{'property': 'movable'},movable,0.8888888888888888,0.3333333333333333,0.1111111111111111,0.3333333333333333,0.0,0.3555555555555555,0.0,0.6222222222222223,1.0,0.4222222222222222,1.0
"Fanny's face was clean, and her hair was nicely brushed she did not look now like a child of the gutter.",a child of the gutter,child,gutter,hollow,canceled,"(component, canceled, canceled)","(3, 1, 3)","(2, 1, 1)","(4, 5, 3)",0.6666666666666667,0.3333333333333333,0.0,1.0,False,1.0,1.0,"['{""property"": ""well-educated""}', '{""property"": ""well-educated""}', '{""property"": ""innocent""}', '{""property"": ""respected""}', '{""property"": ""well-educated""}']","['{""property"": ""innocent""}', '{""property"": ""well-educated""}', '{""property"": ""innocent""}', '{""property"": ""well-educated""}', '{""property"": ""respected""}']","['{""property"": ""well-educated""}', '{""property"": ""well-educated""}', '{""property"": ""innocent""}', '{""property"": ""innocent""}', '{""property"": ""promising""}']",{'property': 'well-educated'},well-educated,0.0,0.3333333333333333,0.0,0.3333333333333333,0.3333333333333333,{'property': 'well-educated'},well-educated,0.1111111111111111,0.3333333333333333,0.0,0.3333333333333333,0.2222222222222222,{'property': 'innocent'},innocent,0.3333333333333333,0.7777777777777778,0.0,0.7777777777777778,0.4444444444444445,{'property': 'respected'},respected,0.0,0.3333333333333333,0.0,0.3333333333333333,0.3333333333333333,{'property': 'well-educated'},well-educated,0.1111111111111111,0.3333333333333333,0.0,0.3333333333333333,0.2222222222222222,0.11111111111111112,0.0,0.4222222222222222,0.7777777777777778,0.31111111111111106,0.4444444444444445,{'property': 'innocent'},innocent,0.3333333333333333,0.7777777777777778,0.0,0.7777777777777778,0.4444444444444445,{'property': 'well-educated'},well-educated,0.0,0.3333333333333333,0.0,0.3333333333333333,0.3333333333333333,{'property': 'innocent'},innocent,0.3333333333333333,0.7777777777777778,0.0,0.7777777777777778,0.4444444444444445,{'property': 'well-educated'},well-educated,0.1111111111111111,0.3333333333333333,0.0,0.3333333333333333,0.2222222222222222,{'property': 'respected'},respected,0.0,0.3333333333333333,0.0,0.3333333333333333,0.3333333333333333,0.15555555555555553,0.0,0.5111111111111112,0.7777777777777778,0.35555555555555557,0.4444444444444445,{'property': 'well-educated'},well-educated,0.1111111111111111,0.3333333333333333,0.0,0.3333333333333333,0.2222222222222222,{'property': 'well-educated'},well-educated,0.0,0.3333333333333333,0.0,0.3333333333333333,0.3333333333333333,{'property': 'innocent'},innocent,0.3333333333333333,0.7777777777777778,0.0,0.7777777777777778,0.4444444444444445,{'property': 'innocent'},innocent,0.3333333333333333,0.7777777777777778,0.0,0.7777777777777778,0.4444444444444445,{'property': 'promising'},promising,0.1111111111111111,0.6666666666666666,0.0,0.6666666666666666,0.5555555555555556,0.17777777777777776,0.0,0.5777777777777777,0.7777777777777778,0.4,0.5555555555555556
"cried Roger, he creeps away like a beaten hound, and Virginia saw the bowlderlike shadow rolling off toward the palisade.",a beaten hound,hound,beat,quick,canceled,"(canceled, canceled, others)","(1, 1, 2)","(4, 4, 4)","(2, 2, 1)",0.6666666666666667,0.1111111111111111,0.7777777777777778,0.555555556,False,0.5555555555555556,0.7777777777777778,"['{""property"": ""aggressive""}', '{""property"": ""fierce""}', '{""property"": ""intimidating""}', '{""property"": ""loyal""}', '{""property"": ""ferocious""}']","['{""property"": ""feral""}', '{""property"": ""ferocious""}', '{""property"": ""aggressive""}', '{""property"": ""aggressive""}', '{""property"": ""ferocious""}']","['{""property"": ""aggressive""}', '{""property"": ""aggressive""}', '{""property"": ""loyal""}', '{""property"": ""aggressive""}', '{""property"": ""aggressive""}']",{'property': 'aggressive'},aggressive,0.5555555555555556,0.5555555555555556,0.5555555555555556,0.5555555555555556,0.0,{'property': 'fierce'},fierce,0.2222222222222222,0.6666666666666666,0.3333333333333333,0.6666666666666666,0.4444444444444444,{'property': 'intimidating'},intimidating,0.1111111111111111,0.6666666666666666,0.3333333333333333,0.6666666666666666,0.5555555555555556,{'property': 'loyal'},loyal,0.5555555555555556,0.8888888888888888,0.0,0.8888888888888888,0.3333333333333332,{'property': 'ferocious'},ferocious,0.1111111111111111,0.5555555555555556,0.3333333333333333,0.5555555555555556,0.4444444444444445,0.3111111111111111,0.1111111111111111,0.6666666666666666,0.8888888888888888,0.3555555555555555,0.5555555555555556,{'property': 'feral'},feral,0.3333333333333333,0.3333333333333333,0.0,0.3333333333333333,0.0,{'property': 'ferocious'},ferocious,0.1111111111111111,0.6666666666666666,0.3333333333333333,0.6666666666666666,0.5555555555555556,{'property': 'aggressive'},aggressive,0.5555555555555556,0.5555555555555556,0.5555555555555556,0.5555555555555556,0.0,{'property': 'aggressive'},aggressive,0.5555555555555556,0.5555555555555556,0.3333333333333333,0.5555555555555556,0.0,{'property': 'ferocious'},ferocious,0.1111111111111111,0.5555555555555556,0.3333333333333333,0.5555555555555556,0.4444444444444445,0.33333333333333337,0.1111111111111111,0.5333333333333334,0.6666666666666666,0.2,0.5555555555555556,{'property': 'aggressive'},aggressive,0.5555555555555556,0.5555555555555556,0.5555555555555556,0.5555555555555556,0.0,{'property': 'aggressive'},aggressive,0.5555555555555556,0.6666666666666666,0.5555555555555556,0.6666666666666666,0.111111111111111,{'property': 'loyal'},loyal,0.7777777777777778,0.8888888888888888,0.0,0.8888888888888888,0.111111111111111,{'property': 'aggressive'},aggressive,0.5555555555555556,0.5555555555555556,0.5555555555555556,0.5555555555555556,0.0,{'property': 'aggressive'},aggressive,0.5555555555555556,0.5555555555555556,0.5555555555555556,0.5555555555555556,0.0,0.6,0.5555555555555556,0.6444444444444445,0.8888888888888888,0.0444444444444444,0.111111111111111
"This letter was taken up the next morning to Belforest by Colonel Brownlow, and the two eldest delinquents, one, curious, amused, and with only compunction enough to flavour an apology, the other cross, dogged, and sheepish, dragged along like a cur in a sling, just as though he were going to be hanged, said Janet.",a cur in a sling,cur,sling,springy,canceled,"(others, canceled, canceled)","(1, 5, 2)","(2, 3, 1)","(1, 4, 3)",0.7777777777777778,0.0,0.0,0.8,False,0.7777777777777778,0.7777777777777778,"['{""property"": ""useful""}', '{""property"": ""agile""}', '{""property"": ""reliable""}', '{""property"": ""aggressive""}', '{""property"": ""intimidating""}']","['{""property"": ""loyal""}', '{""property"": ""agile""}', '{""property"": ""aggressive""}', '{""property"": ""effective""}', '{""property"": ""aggressive""}']","['{""property"": ""agile""}', '{""property"": ""ferocious""}', '{""property"": ""reliable""}', '{""property"": ""intimidating""}', '{""property"": ""intimidating""}']",{'property': 'useful'},useful,0.3333333333333333,0.2222222222222222,0.3333333333333333,0.3333333333333333,0.0,{'property': 'agile'},agile,0.0,0.3333333333333333,0.3333333333333333,0.3333333333333333,0.3333333333333333,{'property': 'reliable'},reliable,0.0,0.1111111111111111,0.3333333333333333,0.3333333333333333,0.3333333333333333,{'property': 'aggressive'},aggressive,0.0,0.5555555555555556,0.1111111111111111,0.5555555555555556,0.5555555555555556,{'property': 'intimidating'},intimidating,0.0,0.1111111111111111,0.2222222222222222,0.2222222222222222,0.2222222222222222,0.06666666666666667,0.0,0.3555555555555555,0.5555555555555556,0.2888888888888889,0.5555555555555556,{'property': 'loyal'},loyal,0.3333333333333333,0.2222222222222222,0.0,0.2222222222222222,0.0,{'property': 'agile'},agile,0.0,0.3333333333333333,0.5555555555555556,0.5555555555555556,0.5555555555555556,{'property': 'aggressive'},aggressive,0.0,0.5555555555555556,0.1111111111111111,0.5555555555555556,0.5555555555555556,{'property': 'effective'},effective,0.1111111111111111,0.1111111111111111,0.3333333333333333,0.3333333333333333,0.2222222222222222,{'property': 'aggressive'},aggressive,0.0,0.5555555555555556,0.1111111111111111,0.5555555555555556,0.5555555555555556,0.08888888888888888,0.0,0.4444444444444445,0.5555555555555556,0.3777777777777778,0.5555555555555556,{'property': 'agile'},agile,0.0,0.3333333333333333,0.3333333333333333,0.3333333333333333,0.3333333333333333,{'property': 'ferocious'},ferocious,0.0,0.2222222222222222,0.0,0.2222222222222222,0.2222222222222222,{'property': 'reliable'},reliable,0.0,0.1111111111111111,0.3333333333333333,0.3333333333333333,0.3333333333333333,{'property': 'intimidating'},intimidating,0.0,0.1111111111111111,0.1111111111111111,0.1111111111111111,0.1111111111111111,{'property': 'intimidating'},intimidating,0.0,0.1111111111111111,0.1111111111111111,0.1111111111111111,0.1111111111111111,0.0,0.0,0.22222222222222224,0.3333333333333333,0.22222222222222224,0.3333333333333333
Next thing you know the pentagon will start treating their ground pounders grunts too like non expendables and then what kind of chaos will that bring?,non expendables,expendable,non,disposable,canceled,"(canceled, canceled, others)","(2, 1, 1)","(5, 5, 5)","(1, 1, 1)",1.0,0.0,1.0,0.011111111,True,0.0,1.0,"['{""property"": ""disposable""}', '{""property"": ""disposable""}', '{""property"": ""expensive""}', '{""property"": ""expensive""}', '{""property"": ""expensive""}']","['{""property"": ""valuable""}', '{""property"": ""affordable""}', '{""property"": ""valuable""}', '{""property"": ""expensive""}', '{""property"": ""valuable""}']","['{""property"": ""valuable""}', '{""property"": ""affordable""}', '{""property"": ""valuable""}', '{""property"": ""valuable""}', '{""property"": ""valuable""}']",{'property': 'disposable'},disposable,0.0,1.0,0.0,1.0,1.0,{'property': 'disposable'},disposable,0.0,1.0,0.0,1.0,1.0,{'property': 'expensive'},expensive,0.7777777777777778,0.0,0.0,0.0,0.0,{'property': 'expensive'},expensive,0.7777777777777778,0.0,0.0,0.0,0.0,{'property': 'expensive'},expensive,0.7777777777777778,0.0,0.0,0.0,0.0,0.4666666666666667,0.0,0.4,1.0,0.4,1.0,{'property': 'valuable'},valuable,0.8888888888888888,0.0,0.0,0.0,0.0,{'property': 'affordable'},affordable,0.1111111111111111,0.3333333333333333,0.0,0.3333333333333333,0.2222222222222222,{'property': 'valuable'},valuable,0.8888888888888888,0.0,0.0,0.0,0.0,{'property': 'expensive'},expensive,0.5555555555555556,0.0,0.0,0.0,0.0,{'property': 'valuable'},valuable,0.8888888888888888,0.0,0.0,0.0,0.0,0.6666666666666667,0.1111111111111111,0.06666666666666667,0.3333333333333333,0.04444444444444444,0.2222222222222222,{'property': 'valuable'},valuable,0.8888888888888888,0.0,0.0,0.0,0.0,{'property': 'affordable'},affordable,0.2222222222222222,0.3333333333333333,0.0,0.3333333333333333,0.1111111111111111,{'property': 'valuable'},valuable,0.8888888888888888,0.0,0.0,0.0,0.0,{'property': 'valuable'},valuable,0.8888888888888888,0.0,0.0,0.0,0.0,{'property': 'valuable'},valuable,0.8888888888888888,0.0,0.0,0.0,0.0,0.7555555555555555,0.2222222222222222,0.06666666666666667,0.3333333333333333,0.02222222222222222,0.1111111111111111
"her face was a rigor of alarm , her eyes wide like the hands of the dead . ",the hands of the dead,hands,dead,dexterous,canceled,"(canceled, canceled, canceled)","(1, 1, 1)","(5, 4, 5)","(1, 1, 1)",0.8888888888888888,0.0,0.8888888888888888,,False,0.0,0.8888888888888888,"['{""property"": ""warm""}', '{""property"": ""warm""}', '{""property"": ""warm""}', '{""property"": ""warm""}', '{""property"": ""warm""}']","['{""property"": ""warm""}', '{""property"": ""warm""}', '{""property"": ""warm""}', '{""property"": ""warm""}', '{""property"": ""warm""}']","['{""property"": ""warm""}', '{""property"": ""warm""}', '{""property"": ""warm""}', '{""property"": ""warm""}', '{""property"": ""warm""}']",{'property': 'warm'},warm,0.0,0.3333333333333333,0.0,0.3333333333333333,0.3333333333333333,{'property': 'warm'},warm,0.0,0.3333333333333333,0.0,0.3333333333333333,0.3333333333333333,{'property': 'warm'},warm,0.0,0.3333333333333333,0.0,0.3333333333333333,0.3333333333333333,{'property': 'warm'},warm,0.0,0.3333333333333333,0.0,0.3333333333333333,0.3333333333333333,{'property': 'warm'},warm,0.0,0.3333333333333333,0.0,0.3333333333333333,0.3333333333333333,0.0,0.0,0.3333333333333333,0.3333333333333333,0.3333333333333333,0.3333333333333333,{'property': 'warm'},warm,0.0,0.3333333333333333,0.0,0.3333333333333333,0.3333333333333333,{'property': 'warm'},warm,0.0,0.3333333333333333,0.0,0.3333333333333333,0.3333333333333333,{'property': 'warm'},warm,0.0,0.3333333333333333,0.0,0.3333333333333333,0.3333333333333333,{'property': 'warm'},warm,0.0,0.3333333333333333,0.0,0.3333333333333333,0.3333333333333333,{'property': 'warm'},warm,0.0,0.3333333333333333,0.0,0.3333333333333333,0.3333333333333333,0.0,0.0,0.3333333333333333,0.3333333333333333,0.3333333333333333,0.3333333333333333,{'property': 'warm'},warm,0.0,0.3333333333333333,0.0,0.3333333333333333,0.3333333333333333,{'property': 'warm'},warm,0.0,0.3333333333333333,0.0,0.3333333333333333,0.3333333333333333,{'property': 'warm'},warm,0.0,0.3333333333333333,0.0,0.3333333333333333,0.3333333333333333,{'property': 'warm'},warm,0.0,0.3333333333333333,0.0,0.3333333333333333,0.3333333333333333,{'property': 'warm'},warm,0.0,0.3333333333333333,0.0,0.3333333333333333,0.3333333333333333,0.0,0.0,0.3333333333333333,0.3333333333333333,0.3333333333333333,0.3333333333333333
"Those bags are as loud as a tree falling, man.",a tree falling,tree,falling,rooted,canceled,"(canceled, canceled, canceled)","(1, 1, 1)","(5, 5, 5)","(1, 1, 2)",1.0,0.0,1.0,,False,0.0,1.0,"['{""property"": ""stationary""}', '{""property"": ""stationary""}', '{""property"": ""stationary""}', '{""property"": ""stationary""}', '{""property"": ""stationary""}']","['{""property"": ""stationary""}', '{""property"": ""stationary""}', '{""property"": ""stationary""}', '{""property"": ""stationary""}', '{""property"": ""stationary""}']","['{""property"": ""stationary""}', '{""property"": ""stationary""}', '{""property"": ""stationary""}', '{""property"": ""stationary""}', '{""property"": ""stationary""}']",{'property': 'stationary'},stationary,0.0,1.0,0.0,1.0,1.0,{'property': 'stationary'},stationary,0.0,1.0,0.0,1.0,1.0,{'property': 'stationary'},stationary,0.0,1.0,0.0,1.0,1.0,{'property': 'stationary'},stationary,0.0,1.0,0.0,1.0,1.0,{'property': 'stationary'},stationary,0.0,1.0,0.0,1.0,1.0,0.0,0.0,1.0,1.0,1.0,1.0,{'property': 'stationary'},stationary,0.0,1.0,0.0,1.0,1.0,{'property': 'stationary'},stationary,0.0,1.0,0.0,1.0,1.0,{'property': 'stationary'},stationary,0.0,1.0,0.0,1.0,1.0,{'property': 'stationary'},stationary,0.0,1.0,0.0,1.0,1.0,{'property': 'stationary'},stationary,0.0,1.0,0.0,1.0,1.0,0.0,0.0,1.0,1.0,1.0,1.0,{'property': 'stationary'},stationary,0.0,1.0,0.0,1.0,1.0,{'property': 'stationary'},stationary,0.0,1.0,0.0,1.0,1.0,{'property': 'stationary'},stationary,0.0,1.0,0.0,1.0,1.0,{'property': 'stationary'},stationary,0.0,1.0,0.0,1.0,1.0,{'property': 'stationary'},stationary,0.0,1.0,0.0,1.0,1.0,0.0,0.0,1.0,1.0,1.0,1.0
"This detracts a little from the piece to my mind as it feels at best like a missed opportunity, or otherwise a failed use misuse of the supposing of structure.",a missed opportunity,opportunity,miss,promise,canceled,"(others, canceled, canceled)","(1, 1, 2)","(1, 5, 5)","(1, 1, 3)",0.7777777777777778,0.0,0.7777777777777778,0.044444444,False,0.3333333333333333,0.7777777777777778,"['{""property"": ""attainable""}', '{""property"": ""desirable""}', '{""property"": ""attainable""}', '{""property"": ""available""}', '{""property"": ""seizable""}']","['{""property"": ""attainable""}', '{""property"": ""attainable""}', '{""property"": ""likely""}', '{""property"": ""attainable""}', '{""property"": ""available""}']","['{""property"": ""realizable""}', '{""property"": ""realized""}', '{""property"": ""realizable""}', '{""property"": ""realized""}', '{""property"": ""attainable""}']",{'property': 'attainable'},attainable,0.0,0.5555555555555556,0.3333333333333333,0.5555555555555556,0.5555555555555556,{'property': 'desirable'},desirable,0.1111111111111111,0.7777777777777778,0.3333333333333333,0.7777777777777778,0.6666666666666667,{'property': 'attainable'},attainable,0.0,0.5555555555555556,0.3333333333333333,0.5555555555555556,0.5555555555555556,{'property': 'available'},available,0.0,0.7777777777777778,0.3333333333333333,0.7777777777777778,0.7777777777777778,{'property': 'seizable'},seizable,0.0,0.7777777777777778,0.3333333333333333,0.7777777777777778,0.7777777777777778,0.02222222222222222,0.0,0.6888888888888889,0.7777777777777778,0.6666666666666667,0.7777777777777778,{'property': 'attainable'},attainable,0.0,0.5555555555555556,0.3333333333333333,0.5555555555555556,0.5555555555555556,{'property': 'attainable'},attainable,0.0,0.5555555555555556,0.3333333333333333,0.5555555555555556,0.5555555555555556,{'property': 'likely'},likely,0.3333333333333333,0.5555555555555556,0.3333333333333333,0.5555555555555556,0.2222222222222222,{'property': 'attainable'},attainable,0.0,0.5555555555555556,0.3333333333333333,0.5555555555555556,0.5555555555555556,{'property': 'available'},available,0.0,0.7777777777777778,0.3333333333333333,0.7777777777777778,0.7777777777777778,0.06666666666666667,0.0,0.6,0.7777777777777778,0.5333333333333334,0.7777777777777778,{'property': 'realizable'},realizable,0.0,0.5555555555555556,0.3333333333333333,0.5555555555555556,0.5555555555555556,{'property': 'realized'},realized,0.0,0.3333333333333333,0.0,0.3333333333333333,0.3333333333333333,{'property': 'realizable'},realizable,0.0,0.5555555555555556,0.0,0.5555555555555556,0.5555555555555556,{'property': 'realized'},realized,0.0,0.3333333333333333,0.0,0.3333333333333333,0.3333333333333333,{'property': 'attainable'},attainable,0.0,0.5555555555555556,0.3333333333333333,0.5555555555555556,0.5555555555555556,0.0,0.0,0.4666666666666666,0.5555555555555556,0.4666666666666666,0.5555555555555556
,shifting blame,blame,shift,accountability,canceled,"(canceled, canceled, canceled)","(1, 1, 1)","(5, 5, 4)","(2, 3, 2)",0.5555555555555556,0.0,0.5555555555555556,,False,0.3333333333333333,0.5555555555555556,"['{""property"": ""desirable""}', '{""property"": ""acceptable""}', '{""property"": ""accurate""}', '{""property"": ""clear""}', '{""property"": ""positive""}']","['{""property"": ""acceptable""}', '{""property"": ""desirable""}', '{""property"": ""accountable""}', '{""property"": ""valid""}', '{""property"": ""acceptable""}']","['{""property"": ""acceptable""}', '{""property"": ""accountable""}', '{""property"": ""desirable""}', '{""property"": ""desirable""}', '{""property"": ""acceptable""}']",{'property': 'desirable'},desirable,0.0,0.0,0.3333333333333333,0.3333333333333333,0.3333333333333333,{'property': 'acceptable'},acceptable,0.1111111111111111,0.1111111111111111,0.3333333333333333,0.3333333333333333,0.2222222222222222,{'property': 'accurate'},accurate,0.0,0.3333333333333333,0.3333333333333333,0.3333333333333333,0.3333333333333333,{'property': 'clear'},clear,0.0,0.0,0.3333333333333333,0.3333333333333333,0.3333333333333333,{'property': 'positive'},positive,0.0,0.0,0.3333333333333333,0.3333333333333333,0.3333333333333333,0.02222222222222222,0.0,0.3333333333333333,0.3333333333333333,0.31111111111111106,0.3333333333333333,{'property': 'acceptable'},acceptable,0.1111111111111111,0.1111111111111111,0.3333333333333333,0.3333333333333333,0.2222222222222222,{'property': 'desirable'},desirable,0.0,0.0,0.3333333333333333,0.3333333333333333,0.3333333333333333,{'property': 'accountable'},accountable,0.0,0.5555555555555556,0.3333333333333333,0.5555555555555556,0.5555555555555556,{'property': 'valid'},valid,0.1111111111111111,0.3333333333333333,0.3333333333333333,0.3333333333333333,0.2222222222222222,{'property': 'acceptable'},acceptable,0.1111111111111111,0.1111111111111111,0.3333333333333333,0.3333333333333333,0.2222222222222222,0.06666666666666667,0.0,0.37777777777777777,0.5555555555555556,0.31111111111111117,0.5555555555555556,{'property': 'acceptable'},acceptable,0.1111111111111111,0.1111111111111111,0.3333333333333333,0.3333333333333333,0.2222222222222222,{'property': 'accountable'},accountable,0.0,0.5555555555555556,0.3333333333333333,0.5555555555555556,0.5555555555555556,{'property': 'desirable'},desirable,0.0,0.0,0.3333333333333333,0.3333333333333333,0.3333333333333333,{'property': 'desirable'},desirable,0.0,0.0,0.3333333333333333,0.3333333333333333,0.3333333333333333,{'property': 'acceptable'},acceptable,0.1111111111111111,0.3333333333333333,0.3333333333333333,0.3333333333333333,0.2222222222222222,0.04444444444444444,0.0,0.3777777777777777,0.5555555555555556,0.3333333333333333,0.5555555555555556
,the granite bench,bench,granite,wood/metal/plastic,canceled,"(canceled, canceled, canceled)","(1, 1, 1)","(4, 4, 4)","(1, 1, 1)",0.8888888888888888,0.0,0.8888888888888888,,False,0.0,0.8888888888888888,"['{""property"": ""soft""}', '{""property"": ""portable""}', '{""property"": ""soft""}', '{""property"": ""portable""}', '{""property"": ""soft""}']","['{""property"": ""soft""}', '{""property"": ""portable""}', '{""property"": ""comfortable""}', '{""property"": ""portable""}', '{""property"": ""soft""}']","['{""property"": ""comfortable""}', '{""property"": ""soft""}', '{""property"": ""movable""}', '{""property"": ""comfortable""}', '{""property"": ""portable""}']",{'property': 'soft'},soft,0.0,0.0,0.0,0.0,0.0,{'property': 'portable'},portable,0.0,0.1111111111111111,0.2222222222222222,0.2222222222222222,0.2222222222222222,{'property': 'soft'},soft,0.0,0.0,0.0,0.0,0.0,{'property': 'portable'},portable,0.0,0.2222222222222222,0.2222222222222222,0.2222222222222222,0.2222222222222222,{'property': 'soft'},soft,0.0,0.0,0.0,0.0,0.0,0.0,0.0,0.08888888888888888,0.2222222222222222,0.08888888888888888,0.2222222222222222,{'property': 'soft'},soft,0.0,0.0,0.0,0.0,0.0,{'property': 'portable'},portable,0.0,0.2222222222222222,0.2222222222222222,0.2222222222222222,0.2222222222222222,{'property': 'comfortable'},comfortable,0.1111111111111111,0.3333333333333333,0.0,0.3333333333333333,0.2222222222222222,{'property': 'portable'},portable,0.0,0.1111111111111111,0.2222222222222222,0.2222222222222222,0.2222222222222222,{'property': 'soft'},soft,0.0,0.0,0.0,0.0,0.0,0.02222222222222222,0.0,0.15555555555555556,0.3333333333333333,0.13333333333333333,0.2222222222222222,{'property': 'comfortable'},comfortable,0.1111111111111111,0.3333333333333333,0.0,0.3333333333333333,0.2222222222222222,{'property': 'soft'},soft,0.0,0.0,0.0,0.0,0.0,{'property': 'movable'},movable,0.1111111111111111,0.3333333333333333,0.3333333333333333,0.3333333333333333,0.2222222222222222,{'property': 'comfortable'},comfortable,0.1111111111111111,0.3333333333333333,0.0,0.3333333333333333,0.2222222222222222,{'property': 'portable'},portable,0.0,0.2222222222222222,0.2222222222222222,0.2222222222222222,0.2222222222222222,0.06666666666666667,0.0,0.24444444444444446,0.3333333333333333,0.17777777777777776,0.2222222222222222
"But on this night the mirth jarred like a cracked bell and ere they rose, the seneschal ventured timidly to ask the Baron if he might accept the ransom offered by the young wife of the latest captive.",a cracked bell and,bell,cracked,clear,canceled,"(canceled, canceled, canceled)","(2, 1, 1)","(4, 5, 4)","(1, 2, 1)",0.7777777777777778,0.0,0.7777777777777778,0.0,False,0.0,0.7777777777777778,"['{""property"": ""ringing""}', '{""property"": ""musical""}', '{""property"": ""ringing""}', '{""property"": ""musical""}', '{""property"": ""musical""}']","['{""property"": ""musical""}', '{""property"": ""ringing""}', '{""property"": ""ringing""}', '{""property"": ""ringing""}', '{""property"": ""ringing""}']","['{""property"": ""intact""}', '{""property"": ""ringing""}', '{""property"": ""musical""}', '{""property"": ""functional""}', '{""property"": ""musical""}']",{'property': 'ringing'},ringing,0.2222222222222222,0.5555555555555556,0.0,0.5555555555555556,0.3333333333333333,{'property': 'musical'},musical,0.1111111111111111,0.7777777777777778,0.0,0.7777777777777778,0.6666666666666667,{'property': 'ringing'},ringing,0.1111111111111111,0.3333333333333333,0.0,0.3333333333333333,0.2222222222222222,{'property': 'musical'},musical,0.1111111111111111,0.7777777777777778,0.0,0.7777777777777778,0.6666666666666667,{'property': 'musical'},musical,0.1111111111111111,0.7777777777777778,0.0,0.7777777777777778,0.6666666666666667,0.13333333333333336,0.1111111111111111,0.6444444444444445,0.7777777777777778,0.5111111111111112,0.6666666666666667,{'property': 'musical'},musical,0.1111111111111111,0.7777777777777778,0.0,0.7777777777777778,0.6666666666666667,{'property': 'ringing'},ringing,0.2222222222222222,0.5555555555555556,0.0,0.5555555555555556,0.3333333333333333,{'property': 'ringing'},ringing,0.1111111111111111,0.5555555555555556,0.0,0.5555555555555556,0.4444444444444445,{'property': 'ringing'},ringing,0.1111111111111111,0.3333333333333333,0.0,0.3333333333333333,0.2222222222222222,{'property': 'ringing'},ringing,0.1111111111111111,0.5555555555555556,0.0,0.5555555555555556,0.4444444444444445,0.13333333333333336,0.1111111111111111,0.5555555555555556,0.7777777777777778,0.4222222222222222,0.6666666666666667,{'property': 'intact'},intact,0.0,0.7777777777777778,0.0,0.7777777777777778,0.7777777777777778,{'property': 'ringing'},ringing,0.2222222222222222,0.5555555555555556,0.0,0.5555555555555556,0.3333333333333333,{'property': 'musical'},musical,0.1111111111111111,0.7777777777777778,0.0,0.7777777777777778,0.6666666666666667,{'property': 'functional'},functional,0.1111111111111111,0.8888888888888888,0.3333333333333333,0.8888888888888888,0.7777777777777777,{'property': 'musical'},musical,0.1111111111111111,0.7777777777777778,0.0,0.7777777777777778,0.6666666666666667,0.11111111111111112,0.0,0.7555555555555555,0.8888888888888888,0.6444444444444445,0.7777777777777778
but stillnowhere near as enjoyable as a night with emma . '',a night with emma,night,emma,black,canceled,"(canceled, others, canceled)","(2, 2, 2)","(4, 5, 5)","(1, 1, 1)",0.4444444444444445,0.3333333333333333,0.7777777777777778,0.0,False,0.0,0.7777777777777778,"['{""property"": ""boring""}', '{""property"": ""daytime""}', '{""property"": ""alone""}', '{""property"": ""boring""}', '{""property"": ""awake""}']","['{""property"": ""boring""}', '{""property"": ""daytime""}', '{""property"": ""daytime""}', '{""property"": ""alone""}', '{""property"": ""day""}']","['{""property"": ""daytime""}', '{""property"": ""boring""}', '{""property"": ""luminous""}', '{""property"": ""awake""}', '{""property"": ""daytime""}']",{'property': 'boring'},boring,0.3333333333333333,0.3333333333333333,0.3333333333333333,0.3333333333333333,0.0,{'property': 'daytime'},daytime,0.0,0.0,0.3333333333333333,0.3333333333333333,0.3333333333333333,{'property': 'alone'},alone,0.3333333333333333,0.3333333333333333,0.3333333333333333,0.3333333333333333,0.0,{'property': 'boring'},boring,0.3333333333333333,0.3333333333333333,0.3333333333333333,0.3333333333333333,0.0,{'property': 'awake'},awake,0.5555555555555556,0.3333333333333333,0.5555555555555556,0.5555555555555556,0.0,0.3111111111111111,0.0,0.37777777777777777,0.5555555555555556,0.06666666666666667,0.3333333333333333,{'property': 'boring'},boring,0.3333333333333333,0.3333333333333333,0.3333333333333333,0.3333333333333333,0.0,{'property': 'daytime'},daytime,0.0,0.0,0.0,0.0,0.0,{'property': 'daytime'},daytime,0.0,0.0,0.3333333333333333,0.3333333333333333,0.3333333333333333,{'property': 'alone'},alone,0.3333333333333333,0.3333333333333333,0.3333333333333333,0.3333333333333333,0.0,{'property': 'day'},day,0.0,0.0,0.0,0.0,0.0,0.13333333333333333,0.0,0.2,0.3333333333333333,0.06666666666666667,0.3333333333333333,{'property': 'daytime'},daytime,0.0,0.0,0.0,0.0,0.0,{'property': 'boring'},boring,0.3333333333333333,0.3333333333333333,0.3333333333333333,0.3333333333333333,0.0,{'property': 'luminous'},luminous,0.1111111111111111,0.0,0.0,0.0,0.0,{'property': 'awake'},awake,0.3333333333333333,0.3333333333333333,0.5555555555555556,0.5555555555555556,0.2222222222222222,{'property': 'daytime'},daytime,0.0,0.0,0.3333333333333333,0.3333333333333333,0.3333333333333333,0.15555555555555553,0.0,0.2444444444444444,0.5555555555555556,0.11111111111111112,0.3333333333333333
"Life, I said to myself, is as empty as a used cantaloupe.",a used cantaloupe,cantaloupe,used,sweet,canceled,"(canceled, canceled, others)","(2, 1, 2)","(5, 5, 5)","(1, 1, 1)",0.3333333333333333,0.3333333333333333,0.6666666666666666,0.0,False,0.0,0.6666666666666666,"['{""property"": ""fresh""}', '{""property"": ""fresh""}', '{""property"": ""fresh""}', '{""property"": ""fresh""}', '{""property"": ""expensive""}']","['{""property"": ""fresh""}', '{""property"": ""fresh""}', '{""property"": ""fresh""}', '{""property"": ""fresh""}', '{""property"": ""expensive""}']","['{""property"": ""fresh""}', '{""property"": ""fresh""}', '{""property"": ""fresh""}', '{""property"": ""fresh""}', '{""property"": ""fresh""}']",{'property': 'fresh'},fresh,0.0,0.5555555555555556,0.0,0.5555555555555556,0.5555555555555556,{'property': 'fresh'},fresh,0.0,0.5555555555555556,0.0,0.5555555555555556,0.5555555555555556,{'property': 'fresh'},fresh,0.0,0.6666666666666666,0.0,0.6666666666666666,0.6666666666666666,{'property': 'fresh'},fresh,0.0,0.5555555555555556,0.0,0.5555555555555556,0.5555555555555556,{'property': 'expensive'},expensive,0.0,0.2222222222222222,0.2222222222222222,0.2222222222222222,0.2222222222222222,0.0,0.0,0.5111111111111111,0.6666666666666666,0.5111111111111111,0.6666666666666666,{'property': 'fresh'},fresh,0.0,0.5555555555555556,0.0,0.5555555555555556,0.5555555555555556,{'property': 'fresh'},fresh,0.0,0.6666666666666666,0.0,0.6666666666666666,0.6666666666666666,{'property': 'fresh'},fresh,0.0,0.6666666666666666,0.0,0.6666666666666666,0.6666666666666666,{'property': 'fresh'},fresh,0.0,0.5555555555555556,0.0,0.5555555555555556,0.5555555555555556,{'property': 'expensive'},expensive,0.0,0.2222222222222222,0.1111111111111111,0.2222222222222222,0.2222222222222222,0.0,0.0,0.5333333333333334,0.6666666666666666,0.5333333333333334,0.6666666666666666,{'property': 'fresh'},fresh,0.0,0.6666666666666666,0.0,0.6666666666666666,0.6666666666666666,{'property': 'fresh'},fresh,0.0,0.6666666666666666,0.0,0.6666666666666666,0.6666666666666666,{'property': 'fresh'},fresh,0.0,0.6666666666666666,0.0,0.6666666666666666,0.6666666666666666,{'property': 'fresh'},fresh,0.0,0.5555555555555556,0.0,0.5555555555555556,0.5555555555555556,{'property': 'fresh'},fresh,0.0,0.6666666666666666,0.0,0.6666666666666666,0.6666666666666666,0.0,0.0,0.6444444444444444,0.6666666666666666,0.6444444444444444,0.6666666666666666
"We should build the garden with a setting of fine trees grouped upon the outskirts, otherwise it will seem as incomplete as a portrait without a frame.",a portrait without a frame,portrait,frame,structural,canceled,"(canceled, canceled, canceled)","(2, 2, 1)","(3, 2, 1)","(4, 4, 4)",0.5555555555555556,0.3333333333333333,0.1111111111111111,0.988888889,False,0.8888888888888888,0.8888888888888888,"['{""property"": ""portable""}', '{""property"": ""portable""}', '{""property"": ""movable""}', '{""property"": ""expensive""}', '{""property"": ""portable""}']","['{""property"": ""portable""}', '{""property"": ""movable""}', '{""property"": ""complete""}', '{""property"": ""portable""}', '{""property"": ""hanging""}']","['{""property"": ""expensive""}', '{""property"": ""hangable""}', '{""property"": ""movable""}', '{""property"": ""movable""}', '{""property"": ""movable""}']",{'property': 'portable'},portable,0.7777777777777778,0.3333333333333333,0.3333333333333333,0.3333333333333333,0.0,{'property': 'portable'},portable,0.7777777777777778,0.3333333333333333,0.3333333333333333,0.3333333333333333,0.0,{'property': 'movable'},movable,0.8888888888888888,0.3333333333333333,0.3333333333333333,0.3333333333333333,0.0,{'property': 'expensive'},expensive,0.2222222222222222,0.3333333333333333,0.3333333333333333,0.3333333333333333,0.1111111111111111,{'property': 'portable'},portable,0.5555555555555556,0.3333333333333333,0.3333333333333333,0.3333333333333333,0.0,0.6444444444444445,0.2222222222222222,0.3333333333333333,0.3333333333333333,0.02222222222222222,0.1111111111111111,{'property': 'portable'},portable,0.5555555555555556,0.3333333333333333,0.3333333333333333,0.3333333333333333,0.0,{'property': 'movable'},movable,0.8888888888888888,0.3333333333333333,0.3333333333333333,0.3333333333333333,0.0,{'property': 'complete'},complete,0.3333333333333333,0.5555555555555556,0.3333333333333333,0.5555555555555556,0.2222222222222222,{'property': 'portable'},portable,0.7777777777777778,0.3333333333333333,0.3333333333333333,0.3333333333333333,0.0,{'property': 'hanging'},hanging,0.0,0.6666666666666666,0.5555555555555556,0.6666666666666666,0.6666666666666666,0.5111111111111111,0.0,0.4444444444444445,0.6666666666666666,0.17777777777777776,0.6666666666666666,{'property': 'expensive'},expensive,0.2222222222222222,0.3333333333333333,0.3333333333333333,0.3333333333333333,0.1111111111111111,{'property': 'hangable'},hangable,0.3333333333333333,0.8888888888888888,0.8888888888888888,0.8888888888888888,0.5555555555555556,{'property': 'movable'},movable,0.5555555555555556,0.3333333333333333,0.3333333333333333,0.3333333333333333,0.0,{'property': 'movable'},movable,0.8888888888888888,0.5555555555555556,0.3333333333333333,0.5555555555555556,0.0,{'property': 'movable'},movable,0.7777777777777778,0.3333333333333333,0.3333333333333333,0.3333333333333333,0.0,0.5555555555555556,0.2222222222222222,0.4888888888888888,0.8888888888888888,0.13333333333333336,0.5555555555555556
"In the east the full moon had just risen, and its thin silver surface was flushed with pink until it looked exactly like the setting sun.",the setting sun,sun,set,hot,canceled,"(canceled, canceled, others)","(2, 3, 3)","(5, 5, 4)","(1, 2, 2)",0.6666666666666667,0.3333333333333333,1.0,0.255555556,False,0.0,1.0,"['{""property"": ""bright""}', '{""property"": ""illuminating""}', '{""property"": ""visible""}', '{""property"": ""visible""}', '{""property"": ""bright""}']","['{""property"": ""visible""}', '{""property"": ""bright""}', '{""property"": ""visible""}', '{""property"": ""visible""}', '{""property"": ""visible""}']","['{""property"": ""visible""}', '{""property"": ""visible""}', '{""property"": ""visible""}', '{""property"": ""visible""}', '{""property"": ""bright""}']",{'property': 'bright'},bright,0.3333333333333333,1.0,0.0,1.0,0.6666666666666667,{'property': 'illuminating'},illuminating,0.3333333333333333,1.0,0.0,1.0,0.6666666666666667,{'property': 'visible'},visible,0.8888888888888888,0.8888888888888888,0.0,0.8888888888888888,0.0,{'property': 'visible'},visible,0.8888888888888888,0.8888888888888888,0.0,0.8888888888888888,0.0,{'property': 'bright'},bright,0.3333333333333333,1.0,0.0,1.0,0.6666666666666667,0.5555555555555556,0.3333333333333333,0.9555555555555555,1.0,0.4,0.6666666666666667,{'property': 'visible'},visible,0.8888888888888888,0.8888888888888888,0.0,0.8888888888888888,0.0,{'property': 'bright'},bright,0.3333333333333333,1.0,0.0,1.0,0.6666666666666667,{'property': 'visible'},visible,0.8888888888888888,0.8888888888888888,0.0,0.8888888888888888,0.0,{'property': 'visible'},visible,0.8888888888888888,0.8888888888888888,0.0,0.8888888888888888,0.0,{'property': 'visible'},visible,0.8888888888888888,0.8888888888888888,0.0,0.8888888888888888,0.0,0.7777777777777777,0.3333333333333333,0.9111111111111111,1.0,0.13333333333333336,0.6666666666666667,{'property': 'visible'},visible,0.8888888888888888,0.8888888888888888,0.0,0.8888888888888888,0.0,{'property': 'visible'},visible,0.8888888888888888,0.8888888888888888,0.0,0.8888888888888888,0.0,{'property': 'visible'},visible,0.8888888888888888,0.8888888888888888,0.0,0.8888888888888888,0.0,{'property': 'visible'},visible,0.8888888888888888,0.8888888888888888,0.0,0.8888888888888888,0.0,{'property': 'bright'},bright,0.3333333333333333,1.0,0.0,1.0,0.6666666666666667,0.7777777777777778,0.3333333333333333,0.9111111111111111,1.0,0.13333333333333336,0.6666666666666667
"To have a fellow going about the farm as cross with every body as a bear with a sore head, with a temper as sour as verjuice and as sharp as a razor, looking as surly as a butcher's dog, is a great nuisance and yet there may be some good points about the man, so that he may be a man for all that but poor, soft Tommy, as green as grass and as ready to bend as a willow, is nobody's money and every body's scorn.",a butcher's dog,dog,butcher,skilled,canceled,"(canceled, canceled, component)","(1, 2, 3)","(2, 2, 3)","(1, 4, 3)",0.4444444444444445,0.3333333333333333,0.5555555555555556,1.0,False,0.7777777777777778,0.7777777777777778,"['{""property"": ""vegetarian""}', '{""property"": ""vegetarian""}', '{""property"": ""vegetarian""}', '{""property"": ""vegetarian""}', '{""property"": ""vegetarian""}']","['{""property"": ""vegetarian""}', '{""property"": ""cute""}', '{""property"": ""vegetarian""}', '{""property"": ""cute""}', '{""property"": ""vegetarian""}']","['{""property"": ""cute""}', '{""property"": ""vegetarian""}', '{""property"": ""vegetarian""}', '{""property"": ""vegetarian""}', '{""property"": ""vegetarian""}']",{'property': 'vegetarian'},vegetarian,0.0,0.2222222222222222,0.0,0.2222222222222222,0.2222222222222222,{'property': 'vegetarian'},vegetarian,0.0,0.1111111111111111,0.0,0.1111111111111111,0.1111111111111111,{'property': 'vegetarian'},vegetarian,0.0,0.1111111111111111,0.0,0.1111111111111111,0.1111111111111111,{'property': 'vegetarian'},vegetarian,0.0,0.1111111111111111,0.0,0.1111111111111111,0.1111111111111111,{'property': 'vegetarian'},vegetarian,0.0,0.1111111111111111,0.0,0.1111111111111111,0.1111111111111111,0.0,0.0,0.13333333333333336,0.2222222222222222,0.13333333333333336,0.2222222222222222,{'property': 'vegetarian'},vegetarian,0.0,0.1111111111111111,0.0,0.1111111111111111,0.1111111111111111,{'property': 'cute'},cute,0.2222222222222222,0.7777777777777778,0.0,0.7777777777777778,0.5555555555555556,{'property': 'vegetarian'},vegetarian,0.0,0.1111111111111111,0.0,0.1111111111111111,0.1111111111111111,{'property': 'cute'},cute,0.2222222222222222,0.7777777777777778,0.0,0.7777777777777778,0.5555555555555556,{'property': 'vegetarian'},vegetarian,0.0,0.1111111111111111,0.0,0.1111111111111111,0.1111111111111111,0.08888888888888888,0.0,0.37777777777777777,0.7777777777777778,0.2888888888888889,0.5555555555555556,{'property': 'cute'},cute,0.2222222222222222,0.7777777777777778,0.0,0.7777777777777778,0.5555555555555556,{'property': 'vegetarian'},vegetarian,0.0,0.1111111111111111,0.0,0.1111111111111111,0.1111111111111111,{'property': 'vegetarian'},vegetarian,0.0,0.2222222222222222,0.0,0.2222222222222222,0.2222222222222222,{'property': 'vegetarian'},vegetarian,0.0,0.1111111111111111,0.0,0.1111111111111111,0.1111111111111111,{'property': 'vegetarian'},vegetarian,0.0,0.1111111111111111,0.0,0.1111111111111111,0.1111111111111111,0.04444444444444444,0.0,0.2666666666666667,0.7777777777777778,0.22222222222222224,0.5555555555555556
"He was a strange object, the wrinkled skin of his face yellow like old ivory, a ragged white beard hanging almost to his waist.","old ivory,",ivory,old,pure,canceled,"(others, canceled, canceled)","(4, 3, 3)","(3, 5, 5)","(2, 2, 2)",0.4444444444444445,0.3333333333333333,0.7777777777777778,0.088888889,False,0.1111111111111111,0.7777777777777778,"['{""property"": ""white""}', '{""property"": ""white""}', '{""property"": ""white""}', '{""property"": ""white""}', '{""property"": ""white""}']","['{""property"": ""white""}', '{""property"": ""white""}', '{""property"": ""white""}', '{""property"": ""white""}', '{""property"": ""valuable""}']","['{""property"": ""valuable""}', '{""property"": ""valuable""}', '{""property"": ""valuable""}', '{""property"": ""white""}', '{""property"": ""white""}']",{'property': 'white'},white,0.8888888888888888,0.8888888888888888,0.3333333333333333,0.8888888888888888,0.0,{'property': 'white'},white,0.8888888888888888,1.0,0.3333333333333333,1.0,0.1111111111111111,{'property': 'white'},white,0.8888888888888888,1.0,0.3333333333333333,1.0,0.1111111111111111,{'property': 'white'},white,0.8888888888888888,1.0,0.3333333333333333,1.0,0.1111111111111111,{'property': 'white'},white,0.8888888888888888,1.0,0.3333333333333333,1.0,0.1111111111111111,0.888888888888889,0.8888888888888888,0.9777777777777779,1.0,0.08888888888888888,0.1111111111111111,{'property': 'white'},white,0.8888888888888888,0.8888888888888888,0.3333333333333333,0.8888888888888888,0.0,{'property': 'white'},white,0.8888888888888888,1.0,0.3333333333333333,1.0,0.1111111111111111,{'property': 'white'},white,0.8888888888888888,0.8888888888888888,0.3333333333333333,0.8888888888888888,0.0,{'property': 'white'},white,0.8888888888888888,0.8888888888888888,0.3333333333333333,0.8888888888888888,0.0,{'property': 'valuable'},valuable,0.7777777777777778,0.8888888888888888,0.3333333333333333,0.8888888888888888,0.111111111111111,0.8666666666666666,0.7777777777777778,0.9111111111111111,1.0,0.04444444444444442,0.1111111111111111,{'property': 'valuable'},valuable,0.7777777777777778,0.8888888888888888,0.3333333333333333,0.8888888888888888,0.111111111111111,{'property': 'valuable'},valuable,0.7777777777777778,0.8888888888888888,0.3333333333333333,0.8888888888888888,0.111111111111111,{'property': 'valuable'},valuable,0.7777777777777778,0.8888888888888888,0.3333333333333333,0.8888888888888888,0.111111111111111,{'property': 'white'},white,0.8888888888888888,1.0,0.3333333333333333,1.0,0.1111111111111111,{'property': 'white'},white,0.8888888888888888,0.8888888888888888,0.3333333333333333,0.8888888888888888,0.0,0.8222222222222222,0.7777777777777778,0.9111111111111111,1.0,0.08888888888888882,0.1111111111111111
I do like how this dig at nerds implicitly acknowledges that their religions are equally as real as star wars and just hope you wont notice.,star wars,war,star,luminous,canceled,"(canceled, component, canceled)","(3, 3, 1)","(5, 5, 1)","(4, 4, 5)",0.6666666666666667,0.3333333333333333,0.0,0.877777778,False,1.0,1.0,"['{""property"": ""historical""}', '{""property"": ""historical""}', '{""property"": ""historical""}', '{""property"": ""historical""}', '{""property"": ""historical""}']","['{""property"": ""historical""}', '{""property"": ""historical""}', '{""property"": ""historical""}', '{""property"": ""historical""}', '{""property"": ""historical""}']","['{""property"": ""historical""}', '{""property"": ""historical""}', '{""property"": ""historical""}', '{""property"": ""historical""}', '{""property"": ""historical""}']",{'property': 'historical'},historical,0.0,0.8888888888888888,0.3333333333333333,0.8888888888888888,0.8888888888888888,{'property': 'historical'},historical,0.0,0.8888888888888888,0.3333333333333333,0.8888888888888888,0.8888888888888888,{'property': 'historical'},historical,0.0,0.8888888888888888,0.3333333333333333,0.8888888888888888,0.8888888888888888,{'property': 'historical'},historical,0.0,0.8888888888888888,0.3333333333333333,0.8888888888888888,0.8888888888888888,{'property': 'historical'},historical,0.0,0.8888888888888888,0.3333333333333333,0.8888888888888888,0.8888888888888888,0.0,0.0,0.888888888888889,0.8888888888888888,0.888888888888889,0.8888888888888888,{'property': 'historical'},historical,0.0,0.8888888888888888,0.3333333333333333,0.8888888888888888,0.8888888888888888,{'property': 'historical'},historical,0.0,0.8888888888888888,0.3333333333333333,0.8888888888888888,0.8888888888888888,{'property': 'historical'},historical,0.0,0.8888888888888888,0.3333333333333333,0.8888888888888888,0.8888888888888888,{'property': 'historical'},historical,0.0,0.8888888888888888,0.3333333333333333,0.8888888888888888,0.8888888888888888,{'property': 'historical'},historical,0.0,0.8888888888888888,0.3333333333333333,0.8888888888888888,0.8888888888888888,0.0,0.0,0.888888888888889,0.8888888888888888,0.888888888888889,0.8888888888888888,{'property': 'historical'},historical,0.0,0.8888888888888888,0.3333333333333333,0.8888888888888888,0.8888888888888888,{'property': 'historical'},historical,0.0,0.8888888888888888,0.3333333333333333,0.8888888888888888,0.8888888888888888,{'property': 'historical'},historical,0.0,0.8888888888888888,0.3333333333333333,0.8888888888888888,0.8888888888888888,{'property': 'historical'},historical,0.0,0.8888888888888888,0.3333333333333333,0.8888888888888888,0.8888888888888888,{'property': 'historical'},historical,0.0,0.8888888888888888,0.3333333333333333,0.8888888888888888,0.8888888888888888,0.0,0.0,0.888888888888889,0.8888888888888888,0.888888888888889,0.8888888888888888
Almost like shattered glass.,shattered glass,glass,shatter,hard,canceled,"(canceled, component, canceled)","(1, 4, 2)","(4, 5, 5)","(2, 3, 2)",0.5555555555555556,0.0,0.5555555555555556,0.0,False,0.0,0.5555555555555556,"['{""property"": ""intact""}', '{""property"": ""transparent""}', '{""property"": ""transparent""}', '{""property"": ""transparent""}', '{""property"": ""transparent""}']","['{""property"": ""transparent""}', '{""property"": ""transparent""}', '{""property"": ""transparent""}', '{""property"": ""transparent""}', '{""property"": ""translucent""}']","['{""property"": ""transparent""}', '{""property"": ""transparent""}', '{""property"": ""translucent""}', '{""property"": ""transparent""}', '{""property"": ""intact""}']",{'property': 'intact'},intact,0.0,0.8888888888888888,0.0,0.8888888888888888,0.8888888888888888,{'property': 'transparent'},transparent,0.3333333333333333,0.8888888888888888,0.0,0.8888888888888888,0.5555555555555556,{'property': 'transparent'},transparent,0.3333333333333333,0.8888888888888888,0.0,0.8888888888888888,0.5555555555555556,{'property': 'transparent'},transparent,0.3333333333333333,0.8888888888888888,0.0,0.8888888888888888,0.5555555555555556,{'property': 'transparent'},transparent,0.3333333333333333,0.8888888888888888,0.0,0.8888888888888888,0.5555555555555556,0.26666666666666666,0.0,0.888888888888889,0.8888888888888888,0.6222222222222221,0.8888888888888888,{'property': 'transparent'},transparent,0.3333333333333333,0.8888888888888888,0.0,0.8888888888888888,0.5555555555555556,{'property': 'transparent'},transparent,0.3333333333333333,0.8888888888888888,0.0,0.8888888888888888,0.5555555555555556,{'property': 'transparent'},transparent,0.3333333333333333,0.8888888888888888,0.0,0.8888888888888888,0.5555555555555556,{'property': 'transparent'},transparent,0.3333333333333333,1.0,0.0,1.0,0.6666666666666667,{'property': 'translucent'},translucent,0.3333333333333333,0.8888888888888888,0.0,0.8888888888888888,0.5555555555555556,0.3333333333333333,0.3333333333333333,0.9111111111111111,1.0,0.5777777777777778,0.6666666666666667,{'property': 'transparent'},transparent,0.3333333333333333,0.8888888888888888,0.0,0.8888888888888888,0.5555555555555556,{'property': 'transparent'},transparent,0.3333333333333333,0.8888888888888888,0.0,0.8888888888888888,0.5555555555555556,{'property': 'translucent'},translucent,0.3333333333333333,0.8888888888888888,0.0,0.8888888888888888,0.5555555555555556,{'property': 'transparent'},transparent,0.3333333333333333,0.8888888888888888,0.0,0.8888888888888888,0.5555555555555556,{'property': 'intact'},intact,0.0,0.8888888888888888,0.0,0.8888888888888888,0.8888888888888888,0.26666666666666666,0.0,0.888888888888889,0.8888888888888888,0.6222222222222222,0.8888888888888888
"The monsters are kind of like the opposite of moths, most of the cities now have laws in place to make electricity free.",the opposite of moths,opposite,moth,fly,canceled,"(canceled, canceled, canceled)","(1, 1, 1)","(1, 1, 1)","(4, 5, 4)",0.8888888888888888,0.0,0.0,1.0,True,0.8888888888888888,0.8888888888888888,"['{""property"": ""attracted to light""}', '{""property"": ""attracted to light""}', '{""property"": ""attractive""}', '{""property"": ""attracted to light""}', '{""property"": ""attracted to light""}']","['{""property"": ""attractive""}', '{""property"": ""attracted to light""}', '{""property"": ""attracted to light""}', '{""property"": ""attracted to light""}', '{""property"": ""attracted to light""}']","['{""property"": ""attracted to light""}', '{""property"": ""attracted to light""}', '{""property"": ""attracted to light""}', '{""property"": ""attracted to light""}', '{""property"": ""attracted to light""}']",{'property': 'attracted to light'},attracted to light,0.0,0.0,0.8888888888888888,0.8888888888888888,0.8888888888888888,{'property': 'attracted to light'},attracted to light,0.0,0.0,0.8888888888888888,0.8888888888888888,0.8888888888888888,{'property': 'attractive'},attractive,0.3333333333333333,0.3333333333333333,0.2222222222222222,0.3333333333333333,0.0,{'property': 'attracted to light'},attracted to light,0.0,0.0,0.8888888888888888,0.8888888888888888,0.8888888888888888,{'property': 'attracted to light'},attracted to light,1.0,0.0,0.8888888888888888,0.8888888888888888,0.0,0.26666666666666666,0.0,0.7777777777777778,0.8888888888888888,0.5333333333333333,0.8888888888888888,{'property': 'attractive'},attractive,0.5555555555555556,0.3333333333333333,0.2222222222222222,0.3333333333333333,0.0,{'property': 'attracted to light'},attracted to light,0.0,0.0,0.8888888888888888,0.8888888888888888,0.8888888888888888,{'property': 'attracted to light'},attracted to light,0.0,0.0,0.8888888888888888,0.8888888888888888,0.8888888888888888,{'property': 'attracted to light'},attracted to light,1.0,0.0,0.8888888888888888,0.8888888888888888,0.0,{'property': 'attracted to light'},attracted to light,1.0,0.0,0.8888888888888888,0.8888888888888888,0.0,0.5111111111111111,0.0,0.7777777777777777,0.8888888888888888,0.3555555555555555,0.8888888888888888,{'property': 'attracted to light'},attracted to light,0.0,0.0,0.8888888888888888,0.8888888888888888,0.8888888888888888,{'property': 'attracted to light'},attracted to light,1.0,0.0,0.8888888888888888,0.8888888888888888,0.0,{'property': 'attracted to light'},attracted to light,0.0,0.0,0.8888888888888888,0.8888888888888888,0.8888888888888888,{'property': 'attracted to light'},attracted to light,0.0,0.0,0.8888888888888888,0.8888888888888888,0.8888888888888888,{'property': 'attracted to light'},attracted to light,0.0,0.0,0.8888888888888888,0.8888888888888888,0.8888888888888888,0.2,0.0,0.888888888888889,0.8888888888888888,0.711111111111111,0.8888888888888888
"The squeak of my match sounded as loud as the scraping of a brake, and I almost fancied I heard it fall when I tossed it onto the grass.",the scraping of a brake,scraping,brake,precise,canceled,"(canceled, component, canceled)","(1, 4, 2)","(2, 2, 2)","(3, 4, 4)",0.6666666666666667,0.1111111111111111,0.3333333333333333,0.9,False,0.7777777777777778,0.7777777777777778,"['{""property"": ""effective""}', '{""property"": ""silent""}', '{""property"": ""effective""}', '{""property"": ""loud""}', '{""property"": ""quiet""}']","['{""property"": ""effective""}', '{""property"": ""silent""}', '{""property"": ""silent""}', '{""property"": ""reliable""}', '{""property"": ""silent""}']","['{""property"": ""quiet""}', '{""property"": ""loud""}', '{""property"": ""silent""}', '{""property"": ""silent""}', '{""property"": ""quiet""}']",{'property': 'effective'},effective,0.3333333333333333,0.5555555555555556,0.8888888888888888,0.8888888888888888,0.5555555555555556,{'property': 'silent'},silent,0.0,0.2222222222222222,0.3333333333333333,0.3333333333333333,0.3333333333333333,{'property': 'effective'},effective,0.3333333333333333,0.5555555555555556,0.8888888888888888,0.8888888888888888,0.5555555555555556,{'property': 'loud'},loud,0.7777777777777778,0.7777777777777778,0.3333333333333333,0.7777777777777778,0.0,{'property': 'quiet'},quiet,0.0,0.0,0.3333333333333333,0.3333333333333333,0.3333333333333333,0.28888888888888886,0.0,0.6444444444444444,0.8888888888888888,0.3555555555555555,0.5555555555555556,{'property': 'effective'},effective,0.3333333333333333,0.5555555555555556,0.8888888888888888,0.8888888888888888,0.5555555555555556,{'property': 'silent'},silent,0.0,0.1111111111111111,0.3333333333333333,0.3333333333333333,0.3333333333333333,{'property': 'silent'},silent,0.0,0.1111111111111111,0.3333333333333333,0.3333333333333333,0.3333333333333333,{'property': 'reliable'},reliable,0.0,0.3333333333333333,0.7777777777777778,0.7777777777777778,0.7777777777777778,{'property': 'silent'},silent,0.0,0.1111111111111111,0.3333333333333333,0.3333333333333333,0.3333333333333333,0.06666666666666667,0.0,0.5333333333333333,0.8888888888888888,0.4666666666666667,0.7777777777777778,{'property': 'quiet'},quiet,0.0,0.1111111111111111,0.3333333333333333,0.3333333333333333,0.3333333333333333,{'property': 'loud'},loud,0.7777777777777778,0.6666666666666666,0.3333333333333333,0.6666666666666666,0.0,{'property': 'silent'},silent,0.0,0.1111111111111111,0.3333333333333333,0.3333333333333333,0.3333333333333333,{'property': 'silent'},silent,0.0,0.1111111111111111,0.3333333333333333,0.3333333333333333,0.3333333333333333,{'property': 'quiet'},quiet,0.0,0.1111111111111111,0.3333333333333333,0.3333333333333333,0.3333333333333333,0.15555555555555556,0.0,0.39999999999999997,0.6666666666666666,0.26666666666666666,0.3333333333333333
"Front chair has its arms upwards like hands in the air, the chair behind it has its arms pointing at it like it's pointing a gun.",hands in the air,hands,air,manipulative,canceled,"(others, canceled, canceled)","(1, 2, 2)","(2, 4, 5)","(1, 1, 1)",1.0,0.0,1.0,,False,0.0,1.0,"['{""property"": ""visible""}', '{""property"": ""manipulative""}', '{""property"": ""dirty""}', '{""property"": ""manipulative""}', '{""property"": ""dirty""}']","['{""property"": ""manipulative""}', '{""property"": ""useful""}', '{""property"": ""manipulative""}', '{""property"": ""manipulative""}', '{""property"": ""functional""}']","['{""property"": ""useful""}', '{""property"": ""functional""}', '{""property"": ""dirty""}', '{""property"": ""manipulative""}', '{""property"": ""visible""}']",{'property': 'visible'},visible,0.8888888888888888,0.7777777777777778,0.0,0.7777777777777778,0.0,{'property': 'manipulative'},manipulative,0.0,1.0,0.0,1.0,1.0,{'property': 'dirty'},dirty,0.1111111111111111,0.3333333333333333,0.3333333333333333,0.3333333333333333,0.2222222222222222,{'property': 'manipulative'},manipulative,0.0,1.0,0.0,1.0,1.0,{'property': 'dirty'},dirty,0.1111111111111111,0.3333333333333333,0.3333333333333333,0.3333333333333333,0.2222222222222222,0.22222222222222224,0.0,0.6888888888888889,1.0,0.48888888888888893,1.0,{'property': 'manipulative'},manipulative,0.0,0.8888888888888888,0.0,0.8888888888888888,0.8888888888888888,{'property': 'useful'},useful,0.3333333333333333,1.0,1.0,1.0,0.6666666666666667,{'property': 'manipulative'},manipulative,0.0,0.8888888888888888,0.0,0.8888888888888888,0.8888888888888888,{'property': 'manipulative'},manipulative,0.0,0.8888888888888888,0.0,0.8888888888888888,0.8888888888888888,{'property': 'functional'},functional,0.1111111111111111,1.0,1.0,1.0,0.8888888888888888,0.08888888888888888,0.0,0.9333333333333332,1.0,0.8444444444444444,0.8888888888888888,{'property': 'useful'},useful,0.3333333333333333,1.0,1.0,1.0,0.6666666666666667,{'property': 'functional'},functional,0.1111111111111111,1.0,1.0,1.0,0.8888888888888888,{'property': 'dirty'},dirty,0.1111111111111111,0.3333333333333333,0.3333333333333333,0.3333333333333333,0.2222222222222222,{'property': 'manipulative'},manipulative,0.0,1.0,0.0,1.0,1.0,{'property': 'visible'},visible,0.8888888888888888,0.8888888888888888,0.0,0.8888888888888888,0.0,0.28888888888888886,0.0,0.8444444444444444,1.0,0.5555555555555556,1.0
Street lights are droopin like popeye without spinach,popeye without spinach,popeye,spinach,strong,canceled,"(canceled, canceled, canceled)","(3, 2, 3)","(5, 5, 5)","(5, 4, 5)",0.8888888888888888,0.0,0.8888888888888888,,False,0.3333333333333333,0.8888888888888888,"['{""property"": ""strong""}', '{""property"": ""strong""}', '{""property"": ""strong""}', '{""property"": ""strong""}', '{""property"": ""strong""}']","['{""property"": ""strong""}', '{""property"": ""strong""}', '{""property"": ""strong""}', '{""property"": ""strong""}', '{""property"": ""strong""}']","['{""property"": ""strong""}', '{""property"": ""strong""}', '{""property"": ""strong""}', '{""property"": ""strong""}', '{""property"": ""strong""}']",{'property': 'strong'},strong,0.0,0.8888888888888888,0.3333333333333333,0.8888888888888888,0.8888888888888888,{'property': 'strong'},strong,0.0,0.8888888888888888,0.3333333333333333,0.8888888888888888,0.8888888888888888,{'property': 'strong'},strong,0.0,0.8888888888888888,0.3333333333333333,0.8888888888888888,0.8888888888888888,{'property': 'strong'},strong,0.0,0.8888888888888888,0.3333333333333333,0.8888888888888888,0.8888888888888888,{'property': 'strong'},strong,0.0,0.8888888888888888,0.3333333333333333,0.8888888888888888,0.8888888888888888,0.0,0.0,0.888888888888889,0.8888888888888888,0.888888888888889,0.8888888888888888,{'property': 'strong'},strong,0.0,0.8888888888888888,0.3333333333333333,0.8888888888888888,0.8888888888888888,{'property': 'strong'},strong,0.0,0.8888888888888888,0.3333333333333333,0.8888888888888888,0.8888888888888888,{'property': 'strong'},strong,0.0,0.8888888888888888,0.3333333333333333,0.8888888888888888,0.8888888888888888,{'property': 'strong'},strong,0.0,0.8888888888888888,0.3333333333333333,0.8888888888888888,0.8888888888888888,{'property': 'strong'},strong,0.0,0.8888888888888888,0.3333333333333333,0.8888888888888888,0.8888888888888888,0.0,0.0,0.888888888888889,0.8888888888888888,0.888888888888889,0.8888888888888888,{'property': 'strong'},strong,0.0,0.8888888888888888,0.3333333333333333,0.8888888888888888,0.8888888888888888,{'property': 'strong'},strong,0.0,0.8888888888888888,0.3333333333333333,0.8888888888888888,0.8888888888888888,{'property': 'strong'},strong,0.0,0.8888888888888888,0.3333333333333333,0.8888888888888888,0.8888888888888888,{'property': 'strong'},strong,0.0,0.8888888888888888,0.3333333333333333,0.8888888888888888,0.8888888888888888,{'property': 'strong'},strong,0.0,0.8888888888888888,0.2222222222222222,0.8888888888888888,0.8888888888888888,0.0,0.0,0.888888888888889,0.8888888888888888,0.888888888888889,0.8888888888888888
the question hit toni like a punch in the stomach .,a punch in the stomach,punch,stomach,hollow,canceled,"(canceled, others, canceled)","(1, 2, 1)","(1, 1, 1)","(3, 3, 4)",0.3333333333333333,0.0,0.0,1.0,False,0.3333333333333333,0.3333333333333333,"['{""property"": ""playful""}', '{""property"": ""playful""}', '{""property"": ""soothing""}', '{""property"": ""gentle""}', '{""property"": ""gentle""}']","['{""property"": ""gentle""}', '{""property"": ""pleasurable""}', '{""property"": ""gentle""}', '{""property"": ""healing""}', '{""property"": ""pleasurable""}']","['{""property"": ""pleasurable""}', '{""property"": ""playful""}', '{""property"": ""gentle""}', '{""property"": ""gentle""}', '{""property"": ""playful""}']",{'property': 'playful'},playful,0.0,0.3333333333333333,0.0,0.3333333333333333,0.3333333333333333,{'property': 'playful'},playful,0.0,0.3333333333333333,0.0,0.3333333333333333,0.3333333333333333,{'property': 'soothing'},soothing,0.0,0.0,0.0,0.0,0.0,{'property': 'gentle'},gentle,0.0,0.0,0.3333333333333333,0.3333333333333333,0.3333333333333333,{'property': 'gentle'},gentle,0.0,0.0,0.3333333333333333,0.3333333333333333,0.3333333333333333,0.0,0.0,0.26666666666666666,0.3333333333333333,0.26666666666666666,0.3333333333333333,{'property': 'gentle'},gentle,0.0,0.0,0.3333333333333333,0.3333333333333333,0.3333333333333333,{'property': 'pleasurable'},pleasurable,0.0,0.3333333333333333,0.1111111111111111,0.3333333333333333,0.3333333333333333,{'property': 'gentle'},gentle,0.0,0.0,0.3333333333333333,0.3333333333333333,0.3333333333333333,{'property': 'healing'},healing,0.0,0.0,0.3333333333333333,0.3333333333333333,0.3333333333333333,{'property': 'pleasurable'},pleasurable,0.0,0.1111111111111111,0.1111111111111111,0.1111111111111111,0.1111111111111111,0.0,0.0,0.28888888888888886,0.3333333333333333,0.28888888888888886,0.3333333333333333,{'property': 'pleasurable'},pleasurable,0.0,0.1111111111111111,0.0,0.1111111111111111,0.1111111111111111,{'property': 'playful'},playful,0.0,0.3333333333333333,0.0,0.3333333333333333,0.3333333333333333,{'property': 'gentle'},gentle,0.0,0.0,0.3333333333333333,0.3333333333333333,0.3333333333333333,{'property': 'gentle'},gentle,0.0,0.0,0.3333333333333333,0.3333333333333333,0.3333333333333333,{'property': 'playful'},playful,0.0,0.3333333333333333,0.0,0.3333333333333333,0.3333333333333333,0.0,0.0,0.28888888888888886,0.3333333333333333,0.28888888888888886,0.3333333333333333
,pizza with no cheese,pizza,cheese,topped,canceled,"(canceled, canceled, canceled)","(1, 1, 4)","(3, 5, 5)","(2, 1, 5)",0.6666666666666667,0.3333333333333333,1.0,,False,0.0,1.0,"['{""property"": ""typically high in saturated fat""}', '{""property"": ""typically high in dairy""}', '{""property"": ""necessarily contains dairy""}', '{""property"": ""high in saturated fat""}', '{""property"": ""typically high in calcium""}']","['{""property"": ""high in calcium""}', '{""property"": ""typically high in saturated fat""}', '{""property"": ""high-calorie""}', '{""property"": ""typically contains dairy products""}', '{""property"": ""typically high in saturated fat""}']","['{""property"": ""typically high in saturated fat""}', '{""property"": ""high in calcium""}', '{""property"": ""typically dairy-based""}', '{""property"": ""rich""}', '{""property"": ""dairy-containing""}']",{'property': 'typically high in saturated fat'},typically high in saturated fat,0.3333333333333333,0.7777777777777778,0.8888888888888888,0.8888888888888888,0.5555555555555556,{'property': 'typically high in dairy'},typically high in dairy,0.0,0.8888888888888888,1.0,1.0,1.0,{'property': 'necessarily contains dairy'},necessarily contains dairy,0.0,0.5555555555555556,1.0,1.0,1.0,{'property': 'high in saturated fat'},high in saturated fat,0.3333333333333333,0.7777777777777778,0.7777777777777778,0.7777777777777778,0.4444444444444445,{'property': 'typically high in calcium'},typically high in calcium,0.0,0.3333333333333333,0.8888888888888888,0.8888888888888888,0.8888888888888888,0.13333333333333333,0.0,0.9111111111111111,1.0,0.7777777777777778,1.0,{'property': 'high in calcium'},high in calcium,0.0,0.3333333333333333,0.8888888888888888,0.8888888888888888,0.8888888888888888,{'property': 'typically high in saturated fat'},typically high in saturated fat,0.3333333333333333,0.7777777777777778,0.8888888888888888,0.8888888888888888,0.5555555555555556,{'property': 'high-calorie'},high-calorie,0.3333333333333333,0.7777777777777778,0.7777777777777778,0.7777777777777778,0.4444444444444445,{'property': 'typically contains dairy products'},typically contains dairy products,0.3333333333333333,0.8888888888888888,1.0,1.0,0.6666666666666667,{'property': 'typically high in saturated fat'},typically high in saturated fat,0.3333333333333333,0.7777777777777778,0.8888888888888888,0.8888888888888888,0.5555555555555556,0.26666666666666666,0.0,0.888888888888889,1.0,0.6222222222222221,0.8888888888888888,{'property': 'typically high in saturated fat'},typically high in saturated fat,0.3333333333333333,0.7777777777777778,0.8888888888888888,0.8888888888888888,0.5555555555555556,{'property': 'high in calcium'},high in calcium,0.0,0.3333333333333333,0.8888888888888888,0.8888888888888888,0.8888888888888888,{'property': 'typically dairy-based'},typically dairy-based,0.0,0.7777777777777778,1.0,1.0,1.0,{'property': 'rich'},rich,0.0,0.3333333333333333,0.3333333333333333,0.3333333333333333,0.3333333333333333,{'property': 'dairy-containing'},dairy-containing,0.0,0.6666666666666666,1.0,1.0,1.0,0.06666666666666667,0.0,0.8222222222222222,1.0,0.7555555555555556,1.0
,a skein of smoke,skein,smoke,yarn,canceled,"(canceled, canceled, canceled)","(1, 1, 2)","(4, 3, 5)","(1, 1, 1)",1.0,0.0,1.0,,False,0.0,1.0,"['{""property"": ""tangible""}', '{""property"": ""tangible""}', '{""property"": ""tangible""}', '{""property"": ""tangible""}', '{""property"": ""tangible""}']","['{""property"": ""coherent""}', '{""property"": ""visible""}', '{""property"": ""warm""}', '{""property"": ""coherent""}', '{""property"": ""tangible""}']","['{""property"": ""visible""}', '{""property"": ""tangible""}', '{""property"": ""flammable""}', '{""property"": ""flammable""}', '{""property"": ""tangible""}']",{'property': 'tangible'},tangible,0.0,0.5555555555555556,0.3333333333333333,0.5555555555555556,0.5555555555555556,{'property': 'tangible'},tangible,0.0,0.3333333333333333,0.3333333333333333,0.3333333333333333,0.3333333333333333,{'property': 'tangible'},tangible,0.0,0.3333333333333333,0.1111111111111111,0.3333333333333333,0.3333333333333333,{'property': 'tangible'},tangible,0.0,0.5555555555555556,0.1111111111111111,0.5555555555555556,0.5555555555555556,{'property': 'tangible'},tangible,0.0,0.5555555555555556,0.2222222222222222,0.5555555555555556,0.5555555555555556,0.0,0.0,0.4666666666666666,0.5555555555555556,0.4666666666666666,0.5555555555555556,{'property': 'coherent'},coherent,0.1111111111111111,0.3333333333333333,0.0,0.3333333333333333,0.2222222222222222,{'property': 'visible'},visible,0.7777777777777778,0.3333333333333333,0.8888888888888888,0.8888888888888888,0.111111111111111,{'property': 'warm'},warm,0.3333333333333333,0.3333333333333333,0.3333333333333333,0.3333333333333333,0.0,{'property': 'coherent'},coherent,0.1111111111111111,0.3333333333333333,0.0,0.3333333333333333,0.2222222222222222,{'property': 'tangible'},tangible,0.0,0.5555555555555556,0.3333333333333333,0.5555555555555556,0.5555555555555556,0.26666666666666666,0.0,0.4888888888888888,0.8888888888888888,0.22222222222222218,0.5555555555555556,{'property': 'visible'},visible,0.7777777777777778,0.0,0.8888888888888888,0.8888888888888888,0.111111111111111,{'property': 'tangible'},tangible,0.0,0.3333333333333333,0.1111111111111111,0.3333333333333333,0.3333333333333333,{'property': 'flammable'},flammable,0.3333333333333333,0.5555555555555556,0.0,0.5555555555555556,0.2222222222222222,{'property': 'flammable'},flammable,0.0,0.5555555555555556,0.0,0.5555555555555556,0.5555555555555556,{'property': 'tangible'},tangible,0.0,0.5555555555555556,0.1111111111111111,0.5555555555555556,0.5555555555555556,0.22222222222222224,0.0,0.5777777777777777,0.8888888888888888,0.3555555555555555,0.5555555555555556
over and over again like a fever dream .,a fever dream,dream,fever,real,canceled,"(canceled, canceled, component)","(1, 2, 3)","(2, 3, 2)","(1, 1, 4)",1.0,0.0,0.0,0.988888889,False,1.0,1.0,"['{""property"": ""realistic""}', '{""property"": ""realistic""}', '{""property"": ""realistic""}', '{""property"": ""realistic""}', '{""property"": ""realistic""}']","['{""property"": ""realistic""}', '{""property"": ""logical""}', '{""property"": ""realistic""}', '{""property"": ""realistic""}', '{""property"": ""predictable""}']","['{""property"": ""coherent""}', '{""property"": ""realistic""}', '{""property"": ""predictable""}', '{""property"": ""realistic""}', '{""property"": ""realistic""}']",{'property': 'realistic'},realistic,0.0,0.0,0.3333333333333333,0.3333333333333333,0.3333333333333333,{'property': 'realistic'},realistic,0.0,0.0,0.3333333333333333,0.3333333333333333,0.3333333333333333,{'property': 'realistic'},realistic,0.0,0.1111111111111111,0.5555555555555556,0.5555555555555556,0.5555555555555556,{'property': 'realistic'},realistic,0.0,0.1111111111111111,0.3333333333333333,0.3333333333333333,0.3333333333333333,{'property': 'realistic'},realistic,0.0,0.1111111111111111,0.3333333333333333,0.3333333333333333,0.3333333333333333,0.0,0.0,0.37777777777777777,0.5555555555555556,0.37777777777777777,0.5555555555555556,{'property': 'realistic'},realistic,0.0,0.1111111111111111,0.3333333333333333,0.3333333333333333,0.3333333333333333,{'property': 'logical'},logical,0.0,0.1111111111111111,0.0,0.1111111111111111,0.1111111111111111,{'property': 'realistic'},realistic,0.0,0.1111111111111111,0.3333333333333333,0.3333333333333333,0.3333333333333333,{'property': 'realistic'},realistic,0.0,0.1111111111111111,0.0,0.1111111111111111,0.1111111111111111,{'property': 'predictable'},predictable,0.0,0.0,0.2222222222222222,0.2222222222222222,0.2222222222222222,0.0,0.0,0.22222222222222224,0.3333333333333333,0.22222222222222224,0.3333333333333333,{'property': 'coherent'},coherent,0.0,0.2222222222222222,0.0,0.2222222222222222,0.2222222222222222,{'property': 'realistic'},realistic,0.0,0.1111111111111111,0.3333333333333333,0.3333333333333333,0.3333333333333333,{'property': 'predictable'},predictable,0.0,0.0,0.3333333333333333,0.3333333333333333,0.3333333333333333,{'property': 'realistic'},realistic,0.0,0.1111111111111111,0.3333333333333333,0.3333333333333333,0.3333333333333333,{'property': 'realistic'},realistic,0.0,0.1111111111111111,0.3333333333333333,0.3333333333333333,0.3333333333333333,0.0,0.0,0.31111111111111106,0.3333333333333333,0.31111111111111106,0.3333333333333333
"I stood on the platform and had no trouble in yanking the stuff in and this went right along like a mail steamer, till it was all up, and it came old Dibs's turn.",a mail steamer,steamer,mail,cook,canceled,"(canceled, canceled, canceled)","(2, 1, 2)","(5, 4, 4)","(1, 1, 1)",0.8888888888888888,0.0,0.8888888888888888,0.0,True,0.0,0.8888888888888888,"['{""property"": ""private""}', '{""property"": ""slow""}', '{""property"": ""luxurious""}', '{""property"": ""slow""}', '{""property"": ""private""}']","['{""property"": ""recreational""}', '{""property"": ""personal""}', '{""property"": ""private""}', '{""property"": ""personal""}', '{""property"": ""luxurious""}']","['{""property"": ""fast""}', '{""property"": ""private""}', '{""property"": ""sail-powered""}', '{""property"": ""fast""}', '{""property"": ""fast""}']",{'property': 'private'},private,0.2222222222222222,0.0,0.5555555555555556,0.5555555555555556,0.3333333333333333,{'property': 'slow'},slow,0.5555555555555556,0.3333333333333333,0.3333333333333333,0.3333333333333333,0.0,{'property': 'luxurious'},luxurious,0.3333333333333333,0.3333333333333333,0.0,0.3333333333333333,0.0,{'property': 'slow'},slow,0.3333333333333333,0.3333333333333333,0.5555555555555556,0.5555555555555556,0.2222222222222222,{'property': 'private'},private,0.2222222222222222,0.0,0.3333333333333333,0.3333333333333333,0.1111111111111111,0.3333333333333333,0.2222222222222222,0.4222222222222222,0.5555555555555556,0.13333333333333336,0.3333333333333333,{'property': 'recreational'},recreational,0.1111111111111111,0.3333333333333333,0.1111111111111111,0.3333333333333333,0.2222222222222222,{'property': 'personal'},personal,0.0,0.1111111111111111,0.5555555555555556,0.5555555555555556,0.5555555555555556,{'property': 'private'},private,0.2222222222222222,0.0,0.5555555555555556,0.5555555555555556,0.3333333333333333,{'property': 'personal'},personal,0.0,0.1111111111111111,0.3333333333333333,0.3333333333333333,0.3333333333333333,{'property': 'luxurious'},luxurious,0.3333333333333333,0.3333333333333333,0.0,0.3333333333333333,0.0,0.13333333333333333,0.0,0.4222222222222222,0.5555555555555556,0.28888888888888886,0.5555555555555556,{'property': 'fast'},fast,0.2222222222222222,0.3333333333333333,0.3333333333333333,0.3333333333333333,0.1111111111111111,{'property': 'private'},private,0.2222222222222222,0.0,0.5555555555555556,0.5555555555555556,0.3333333333333333,{'property': 'sail-powered'},sail-powered,0.0,0.0,0.0,0.0,0.0,{'property': 'fast'},fast,0.3333333333333333,0.3333333333333333,0.3333333333333333,0.3333333333333333,0.0,{'property': 'fast'},fast,0.3333333333333333,0.3333333333333333,0.3333333333333333,0.3333333333333333,0.0,0.22222222222222218,0.0,0.31111111111111106,0.5555555555555556,0.08888888888888888,0.3333333333333333
These things and deeds are diametrically opposed they are as distinct as vice from virtue.,vice from virtue,vice,virtue,positive,canceled,"(canceled, canceled, canceled)","(2, 1, 1)","(1, 1, 1)","(5, 4, 5)",1.0,0.0,0.0,0.988888889,False,1.0,1.0,"['{""property"": ""admirable""}', '{""property"": ""moral""}', '{""property"": ""moral""}', '{""property"": ""moral""}', '{""property"": ""desirable""}']","['{""property"": ""desirable""}', '{""property"": ""desirable""}', '{""property"": ""moral""}', '{""property"": ""desirable""}', '{""property"": ""desirable""}']","['{""property"": ""admirable""}', '{""property"": ""moral""}', '{""property"": ""moral""}', '{""property"": ""desirable""}', '{""property"": ""desirable""}']",{'property': 'admirable'},admirable,0.0,0.0,0.8888888888888888,0.8888888888888888,0.8888888888888888,{'property': 'moral'},moral,0.0,0.0,1.0,1.0,1.0,{'property': 'moral'},moral,0.0,0.0,1.0,1.0,1.0,{'property': 'moral'},moral,0.0,0.0,1.0,1.0,1.0,{'property': 'desirable'},desirable,0.0,0.1111111111111111,1.0,1.0,1.0,0.0,0.0,0.9777777777777779,1.0,0.9777777777777779,1.0,{'property': 'desirable'},desirable,0.0,0.1111111111111111,1.0,1.0,1.0,{'property': 'desirable'},desirable,0.0,0.1111111111111111,1.0,1.0,1.0,{'property': 'moral'},moral,0.0,0.0,1.0,1.0,1.0,{'property': 'desirable'},desirable,0.0,0.1111111111111111,0.8888888888888888,0.8888888888888888,0.8888888888888888,{'property': 'desirable'},desirable,0.0,0.2222222222222222,0.8888888888888888,0.8888888888888888,0.8888888888888888,0.0,0.0,0.9555555555555555,1.0,0.9555555555555555,1.0,{'property': 'admirable'},admirable,0.0,0.0,0.8888888888888888,0.8888888888888888,0.8888888888888888,{'property': 'moral'},moral,0.0,0.0,1.0,1.0,1.0,{'property': 'moral'},moral,0.0,0.0,1.0,1.0,1.0,{'property': 'desirable'},desirable,0.0,0.1111111111111111,1.0,1.0,1.0,{'property': 'desirable'},desirable,0.0,0.1111111111111111,1.0,1.0,1.0,0.0,0.0,0.9777777777777779,1.0,0.9777777777777779,1.0
,ill preparation,preparation,ill,planning,canceled,"(canceled, canceled, canceled)","(2, 1, 1)","(5, 5, 4)","(1, 1, 1)",0.8888888888888888,0.0,0.8888888888888888,,False,0.0,0.8888888888888888,"['{""property"": ""effective""}', '{""property"": ""thorough""}', '{""property"": ""thorough""}', '{""property"": ""effective""}', '{""property"": ""organized""}']","['{""property"": ""productive""}', '{""property"": ""thorough""}', '{""property"": ""thorough""}', '{""property"": ""useful""}', '{""property"": ""effective""}']","['{""property"": ""useful""}', '{""property"": ""enjoyable""}', '{""property"": ""good""}', '{""property"": ""effective""}', '{""property"": ""thorough""}']",{'property': 'effective'},effective,0.0,0.5555555555555556,0.0,0.5555555555555556,0.5555555555555556,{'property': 'thorough'},thorough,0.0,0.5555555555555556,0.0,0.5555555555555556,0.5555555555555556,{'property': 'thorough'},thorough,0.0,0.5555555555555556,0.0,0.5555555555555556,0.5555555555555556,{'property': 'effective'},effective,0.0,0.5555555555555556,0.0,0.5555555555555556,0.5555555555555556,{'property': 'organized'},organized,0.0,0.5555555555555556,0.0,0.5555555555555556,0.5555555555555556,0.0,0.0,0.5555555555555556,0.5555555555555556,0.5555555555555556,0.5555555555555556,{'property': 'productive'},productive,0.0,0.7777777777777778,0.0,0.7777777777777778,0.7777777777777778,{'property': 'thorough'},thorough,0.0,0.5555555555555556,0.0,0.5555555555555556,0.5555555555555556,{'property': 'thorough'},thorough,0.0,0.5555555555555556,0.0,0.5555555555555556,0.5555555555555556,{'property': 'useful'},useful,0.0,0.8888888888888888,0.0,0.8888888888888888,0.8888888888888888,{'property': 'effective'},effective,0.0,0.6666666666666666,0.0,0.6666666666666666,0.6666666666666666,0.0,0.0,0.6888888888888889,0.8888888888888888,0.6888888888888889,0.8888888888888888,{'property': 'useful'},useful,0.0,0.8888888888888888,0.0,0.8888888888888888,0.8888888888888888,{'property': 'enjoyable'},enjoyable,0.0,0.3333333333333333,0.0,0.3333333333333333,0.3333333333333333,{'property': 'good'},good,0.0,0.6666666666666666,0.0,0.6666666666666666,0.6666666666666666,{'property': 'effective'},effective,0.0,0.5555555555555556,0.0,0.5555555555555556,0.5555555555555556,{'property': 'thorough'},thorough,0.0,0.5555555555555556,0.0,0.5555555555555556,0.5555555555555556,0.0,0.0,0.6,0.8888888888888888,0.6,0.8888888888888888
"i reckon i am at that , seein as how youre about as useful as a bucket with no bottom . ''",a bucket with no bottom,bucket,bottom,simple,canceled,"(canceled, canceled, canceled)","(2, 1, 4)","(4, 2, 2)","(2, 2, 1)",0.8888888888888888,0.0,0.8888888888888888,0.377777778,False,0.3333333333333333,0.8888888888888888,"['{""property"": ""hold liquid""}', '{""property"": ""hold water""}', '{""property"": ""hold liquid""}', '{""property"": ""hold liquid""}', '{""property"": ""holds liquid""}']","['{""property"": ""contain""}', '{""property"": ""useful""}', '{""property"": ""contain""}', '{""property"": ""hold water""}', '{""property"": ""useful""}']","['{""property"": ""contain""}', '{""property"": ""useful""}', '{""property"": ""useful""}', '{""property"": ""useful""}', '{""property"": ""hold things""}']",{'property': 'hold liquid'},hold liquid,0.0,0.8888888888888888,0.0,0.8888888888888888,0.8888888888888888,{'property': 'hold water'},hold water,0.0,0.7777777777777778,0.3333333333333333,0.7777777777777778,0.7777777777777778,{'property': 'hold liquid'},hold liquid,0.0,0.8888888888888888,0.0,0.8888888888888888,0.8888888888888888,{'property': 'hold liquid'},hold liquid,0.0,0.8888888888888888,0.0,0.8888888888888888,0.8888888888888888,{'property': 'holds liquid'},holds liquid,0.0,0.8888888888888888,0.0,0.8888888888888888,0.8888888888888888,0.0,0.0,0.8666666666666666,0.8888888888888888,0.8666666666666666,0.8888888888888888,{'property': 'contain'},contain,0.0,0.8888888888888888,0.3333333333333333,0.8888888888888888,0.8888888888888888,{'property': 'useful'},useful,0.0,0.7777777777777778,0.0,0.7777777777777778,0.7777777777777778,{'property': 'contain'},contain,0.0,0.8888888888888888,0.3333333333333333,0.8888888888888888,0.8888888888888888,{'property': 'hold water'},hold water,0.0,0.8888888888888888,0.3333333333333333,0.8888888888888888,0.8888888888888888,{'property': 'useful'},useful,0.0,0.7777777777777778,0.3333333333333333,0.7777777777777778,0.7777777777777778,0.0,0.0,0.8444444444444444,0.8888888888888888,0.8444444444444444,0.8888888888888888,{'property': 'contain'},contain,0.0,0.8888888888888888,0.3333333333333333,0.8888888888888888,0.8888888888888888,{'property': 'useful'},useful,0.0,0.7777777777777778,0.1111111111111111,0.7777777777777778,0.7777777777777778,{'property': 'useful'},useful,0.0,0.7777777777777778,0.1111111111111111,0.7777777777777778,0.7777777777777778,{'property': 'useful'},useful,0.0,0.7777777777777778,0.1111111111111111,0.7777777777777778,0.7777777777777778,{'property': 'hold things'},hold things,0.0,0.8888888888888888,0.3333333333333333,0.8888888888888888,0.8888888888888888,0.0,0.0,0.8222222222222222,0.8888888888888888,0.8222222222222222,0.8888888888888888
"Well I dress like a bum, am as ugly as a dog's arse, am one FAT MOTHERFUCKER and rarely if ever wear shoes.",a dog's arse,arse,dog,loyal,canceled,"(canceled, canceled, others)","(1, 1, 5)","(1, 1, 1)","(5, 4, 2)",0.8888888888888888,0.0,0.0,0.777777778,False,0.8888888888888888,0.8888888888888888,"['{""property"": ""beautiful""}', '{""property"": ""cute""}', '{""property"": ""attractive""}', '{""property"": ""cuddly""}', '{""property"": ""attractive""}']","['{""property"": ""attractive""}', '{""property"": ""attractive""}', '{""property"": ""attractive""}', '{""property"": ""cute""}', '{""property"": ""attractive""}']","['{""property"": ""cute""}', '{""property"": ""cute""}', '{""property"": ""cuddly""}', '{""property"": ""clean""}', '{""property"": ""attractive""}']",{'property': 'beautiful'},beautiful,0.0,0.0,0.5555555555555556,0.5555555555555556,0.5555555555555556,{'property': 'cute'},cute,0.0,0.0,0.7777777777777778,0.7777777777777778,0.7777777777777778,{'property': 'attractive'},attractive,0.0,0.1111111111111111,0.5555555555555556,0.5555555555555556,0.5555555555555556,{'property': 'cuddly'},cuddly,0.0,0.0,0.6666666666666666,0.6666666666666666,0.6666666666666666,{'property': 'attractive'},attractive,0.0,0.1111111111111111,0.3333333333333333,0.3333333333333333,0.3333333333333333,0.0,0.0,0.5777777777777778,0.7777777777777778,0.5777777777777778,0.7777777777777778,{'property': 'attractive'},attractive,0.0,0.1111111111111111,0.5555555555555556,0.5555555555555556,0.5555555555555556,{'property': 'attractive'},attractive,0.0,0.1111111111111111,0.5555555555555556,0.5555555555555556,0.5555555555555556,{'property': 'attractive'},attractive,0.0,0.1111111111111111,0.5555555555555556,0.5555555555555556,0.5555555555555556,{'property': 'cute'},cute,0.0,0.0,0.7777777777777778,0.7777777777777778,0.7777777777777778,{'property': 'attractive'},attractive,0.0,0.3333333333333333,0.5555555555555556,0.5555555555555556,0.5555555555555556,0.0,0.0,0.6,0.7777777777777778,0.6,0.7777777777777778,{'property': 'cute'},cute,0.0,0.0,0.7777777777777778,0.7777777777777778,0.7777777777777778,{'property': 'cute'},cute,0.0,0.0,0.7777777777777778,0.7777777777777778,0.7777777777777778,{'property': 'cuddly'},cuddly,0.0,0.0,0.7777777777777778,0.7777777777777778,0.7777777777777778,{'property': 'clean'},clean,0.1111111111111111,0.1111111111111111,0.3333333333333333,0.3333333333333333,0.2222222222222222,{'property': 'attractive'},attractive,0.0,0.1111111111111111,0.3333333333333333,0.3333333333333333,0.3333333333333333,0.02222222222222222,0.0,0.6000000000000001,0.7777777777777778,0.5777777777777778,0.7777777777777778
The fields like the mountains that looked down at them were as unchangeable as the passing days.,the passing days,day,pass,acceptable,canceled,"(canceled, canceled, others)","(1, 1, 2)","(1, 1, 2)","(2, 5, 3)",0.5555555555555556,0.3333333333333333,0.3333333333333333,0.888888889,False,0.8888888888888888,0.8888888888888888,"['{""property"": ""measurable""}', '{""property"": ""long""}', '{""property"": ""static""}', '{""property"": ""measurable""}', '{""property"": ""long""}']","['{""property"": ""measurable""}', '{""property"": ""long""}', '{""property"": ""countable""}', '{""property"": ""long""}', '{""property"": ""countable""}']","['{""property"": ""predictable""}', '{""property"": ""long""}', '{""property"": ""long""}', '{""property"": ""measurable""}', '{""property"": ""measurable""}']",{'property': 'measurable'},measurable,1.0,1.0,0.3333333333333333,1.0,0.0,{'property': 'long'},long,0.3333333333333333,0.3333333333333333,0.3333333333333333,0.3333333333333333,0.0,{'property': 'static'},static,0.0,0.0,0.0,0.0,0.0,{'property': 'measurable'},measurable,1.0,1.0,0.3333333333333333,1.0,0.0,{'property': 'long'},long,0.3333333333333333,0.3333333333333333,0.3333333333333333,0.3333333333333333,0.0,0.5333333333333333,0.0,0.5333333333333333,1.0,0.0,0.0,{'property': 'measurable'},measurable,1.0,1.0,0.3333333333333333,1.0,0.0,{'property': 'long'},long,0.3333333333333333,0.3333333333333333,0.3333333333333333,0.3333333333333333,0.0,{'property': 'countable'},countable,0.5555555555555556,1.0,0.3333333333333333,1.0,0.4444444444444444,{'property': 'long'},long,0.3333333333333333,0.3333333333333333,0.3333333333333333,0.3333333333333333,0.0,{'property': 'countable'},countable,0.5555555555555556,1.0,0.3333333333333333,1.0,0.4444444444444444,0.5555555555555556,0.3333333333333333,0.7333333333333333,1.0,0.17777777777777776,0.4444444444444444,{'property': 'predictable'},predictable,0.5555555555555556,0.7777777777777778,0.3333333333333333,0.7777777777777778,0.2222222222222222,{'property': 'long'},long,0.3333333333333333,0.3333333333333333,0.3333333333333333,0.3333333333333333,0.0,{'property': 'long'},long,0.3333333333333333,0.3333333333333333,0.3333333333333333,0.3333333333333333,0.0,{'property': 'measurable'},measurable,1.0,1.0,0.0,1.0,0.0,{'property': 'measurable'},measurable,1.0,1.0,0.0,1.0,0.0,0.6444444444444445,0.3333333333333333,0.6888888888888889,1.0,0.04444444444444444,0.2222222222222222
,the washed out road,road,wash,paved,canceled,"(component, canceled, canceled)","(4, 1, 1)","(4, 4, 4)","(1, 1, 1)",0.7777777777777778,0.0,0.7777777777777778,,False,0.0,0.7777777777777778,"['{""property"": ""dirtiness""}', '{""property"": ""navigable""}', '{""property"": ""dangerous""}', '{""property"": ""dusty""}', '{""property"": ""safe""}']","['{""property"": ""dusty""}', '{""property"": ""dangerous""}', '{""property"": ""dirt""}', '{""property"": ""dirtiness""}', '{""property"": ""navigable""}']","['{""property"": ""dirty""}', '{""property"": ""dusty""}', '{""property"": ""dangerous""}', '{""property"": ""dirt""}', '{""property"": ""dirtiness""}']",{'property': 'dirtiness'},dirtiness,0.5555555555555556,0.3333333333333333,0.0,0.3333333333333333,0.0,{'property': 'navigable'},navigable,0.0,0.7777777777777778,0.0,0.7777777777777778,0.7777777777777778,{'property': 'dangerous'},dangerous,0.7777777777777778,0.5555555555555556,0.0,0.5555555555555556,0.0,{'property': 'dusty'},dusty,0.0,0.5555555555555556,0.0,0.5555555555555556,0.5555555555555556,{'property': 'safe'},safe,0.0,0.3333333333333333,0.7777777777777778,0.7777777777777778,0.7777777777777778,0.2666666666666667,0.0,0.6,0.7777777777777778,0.4222222222222222,0.7777777777777778,{'property': 'dusty'},dusty,0.0,0.3333333333333333,0.0,0.3333333333333333,0.3333333333333333,{'property': 'dangerous'},dangerous,0.7777777777777778,0.5555555555555556,0.0,0.5555555555555556,0.0,{'property': 'dirt'},dirt,0.5555555555555556,0.3333333333333333,0.0,0.3333333333333333,0.0,{'property': 'dirtiness'},dirtiness,0.5555555555555556,0.3333333333333333,0.0,0.3333333333333333,0.0,{'property': 'navigable'},navigable,0.1111111111111111,0.7777777777777778,0.0,0.7777777777777778,0.6666666666666667,0.4,0.0,0.4666666666666666,0.7777777777777778,0.2,0.6666666666666667,{'property': 'dirty'},dirty,0.5555555555555556,0.3333333333333333,0.0,0.3333333333333333,0.0,{'property': 'dusty'},dusty,0.0,0.5555555555555556,0.0,0.5555555555555556,0.5555555555555556,{'property': 'dangerous'},dangerous,0.7777777777777778,0.5555555555555556,0.0,0.5555555555555556,0.0,{'property': 'dirt'},dirt,0.5555555555555556,0.3333333333333333,0.0,0.3333333333333333,0.0,{'property': 'dirtiness'},dirtiness,0.3333333333333333,0.3333333333333333,0.0,0.3333333333333333,0.0,0.4444444444444445,0.0,0.4222222222222222,0.5555555555555556,0.11111111111111112,0.5555555555555556
his body felt as brittle as a winter leaf .,a winter leaf,leaf,winter,photosynthetic,canceled,"(canceled, canceled, canceled)","(2, 3, 3)","(5, 5, 5)","(2, 2, 1)",1.0,0.0,1.0,,False,0.0,1.0,"['{""property"": ""green""}', '{""property"": ""green""}', '{""property"": ""green""}', '{""property"": ""green""}', '{""property"": ""green""}']","['{""property"": ""green""}', '{""property"": ""green""}', '{""property"": ""green""}', '{""property"": ""green""}', '{""property"": ""green""}']","['{""property"": ""green""}', '{""property"": ""green""}', '{""property"": ""green""}', '{""property"": ""green""}', '{""property"": ""green""}']",{'property': 'green'},green,0.0,0.7777777777777778,0.0,0.7777777777777778,0.7777777777777778,{'property': 'green'},green,0.0,0.7777777777777778,0.0,0.7777777777777778,0.7777777777777778,{'property': 'green'},green,0.0,0.7777777777777778,0.0,0.7777777777777778,0.7777777777777778,{'property': 'green'},green,0.0,0.7777777777777778,0.0,0.7777777777777778,0.7777777777777778,{'property': 'green'},green,0.0,0.7777777777777778,0.0,0.7777777777777778,0.7777777777777778,0.0,0.0,0.7777777777777778,0.7777777777777778,0.7777777777777778,0.7777777777777778,{'property': 'green'},green,0.0,0.7777777777777778,0.0,0.7777777777777778,0.7777777777777778,{'property': 'green'},green,0.0,0.7777777777777778,0.0,0.7777777777777778,0.7777777777777778,{'property': 'green'},green,0.0,0.7777777777777778,0.0,0.7777777777777778,0.7777777777777778,{'property': 'green'},green,0.0,0.7777777777777778,0.0,0.7777777777777778,0.7777777777777778,{'property': 'green'},green,0.0,0.7777777777777778,0.0,0.7777777777777778,0.7777777777777778,0.0,0.0,0.7777777777777778,0.7777777777777778,0.7777777777777778,0.7777777777777778,{'property': 'green'},green,0.0,0.7777777777777778,0.0,0.7777777777777778,0.7777777777777778,{'property': 'green'},green,0.0,0.7777777777777778,0.0,0.7777777777777778,0.7777777777777778,{'property': 'green'},green,0.0,0.6666666666666666,0.0,0.6666666666666666,0.6666666666666666,{'property': 'green'},green,0.0,0.7777777777777778,0.0,0.7777777777777778,0.7777777777777778,{'property': 'green'},green,0.0,0.7777777777777778,0.0,0.7777777777777778,0.7777777777777778,0.0,0.0,0.7555555555555555,0.7777777777777778,0.7555555555555555,0.7777777777777778
"Never for a moment, until I was dropped down here like a stone from a sling.",a stone from a sling,stone,sling,still,canceled,"(canceled, canceled, canceled)","(1, 1, 1)","(4, 4, 2)","(2, 2, 1)",1.0,0.0,1.0,0.0,False,0.0,1.0,"['{""property"": ""sharp""}', '{""property"": ""accurate""}', '{""property"": ""maneuverable""}', '{""property"": ""portable""}', '{""property"": ""portable""}']","['{""property"": ""precious""}', '{""property"": ""sharp""}', '{""property"": ""lethal""}', '{""property"": ""sharp""}', '{""property"": ""manipulable""}']","['{""property"": ""portable""}', '{""property"": ""precious""}', '{""property"": ""portable""}', '{""property"": ""sharp""}', '{""property"": ""sharp""}']",{'property': 'sharp'},sharp,0.0,0.2222222222222222,0.0,0.2222222222222222,0.2222222222222222,{'property': 'accurate'},accurate,0.3333333333333333,0.0,0.3333333333333333,0.3333333333333333,0.0,{'property': 'maneuverable'},maneuverable,0.3333333333333333,0.0,0.5555555555555556,0.5555555555555556,0.2222222222222222,{'property': 'portable'},portable,1.0,0.3333333333333333,1.0,1.0,0.0,{'property': 'portable'},portable,1.0,0.3333333333333333,0.8888888888888888,0.8888888888888888,0.0,0.5333333333333333,0.0,0.6,1.0,0.08888888888888888,0.2222222222222222,{'property': 'precious'},precious,0.0,0.1111111111111111,0.1111111111111111,0.1111111111111111,0.1111111111111111,{'property': 'sharp'},sharp,0.0,0.2222222222222222,0.0,0.2222222222222222,0.2222222222222222,{'property': 'lethal'},lethal,0.3333333333333333,0.1111111111111111,0.3333333333333333,0.3333333333333333,0.0,{'property': 'sharp'},sharp,0.0,0.1111111111111111,0.0,0.1111111111111111,0.1111111111111111,{'property': 'manipulable'},manipulable,0.7777777777777778,0.3333333333333333,0.7777777777777778,0.7777777777777778,0.0,0.22222222222222224,0.0,0.31111111111111106,0.7777777777777778,0.08888888888888888,0.2222222222222222,{'property': 'portable'},portable,1.0,0.3333333333333333,1.0,1.0,0.0,{'property': 'precious'},precious,0.0,0.2222222222222222,0.1111111111111111,0.2222222222222222,0.2222222222222222,{'property': 'portable'},portable,1.0,0.3333333333333333,0.8888888888888888,0.8888888888888888,0.0,{'property': 'sharp'},sharp,0.0,0.1111111111111111,0.0,0.1111111111111111,0.1111111111111111,{'property': 'sharp'},sharp,0.0,0.1111111111111111,0.0,0.1111111111111111,0.1111111111111111,0.4,0.0,0.4666666666666667,1.0,0.08888888888888888,0.2222222222222222
"I suppose that having made a mock of you and drained you dry, she was content to throw you aside like an empty gourd.",an empty gourd,gourd,empty,seed-filled,canceled,"(canceled, canceled, canceled)","(1, 1, 1)","(5, 5, 5)","(1, 1, 1)",1.0,0.0,1.0,,False,0.0,1.0,"['{""property"": ""heavy""}', '{""property"": ""heavy""}', '{""property"": ""heavy""}', '{""property"": ""edible""}', '{""property"": ""edible""}']","['{""property"": ""edible""}', '{""property"": ""heavy""}', '{""property"": ""heavy""}', '{""property"": ""edible""}', '{""property"": ""edible""}']","['{""property"": ""edible""}', '{""property"": ""edible""}', '{""property"": ""edible""}', '{""property"": ""edible""}', '{""property"": ""heavy""}']",{'property': 'heavy'},heavy,0.0,0.3333333333333333,0.0,0.3333333333333333,0.3333333333333333,{'property': 'heavy'},heavy,0.0,0.3333333333333333,0.0,0.3333333333333333,0.3333333333333333,{'property': 'heavy'},heavy,0.0,0.3333333333333333,0.0,0.3333333333333333,0.3333333333333333,{'property': 'edible'},edible,0.0,0.5555555555555556,0.0,0.5555555555555556,0.5555555555555556,{'property': 'edible'},edible,0.0,0.5555555555555556,0.0,0.5555555555555556,0.5555555555555556,0.0,0.0,0.4222222222222222,0.5555555555555556,0.4222222222222222,0.5555555555555556,{'property': 'edible'},edible,0.0,0.3333333333333333,0.0,0.3333333333333333,0.3333333333333333,{'property': 'heavy'},heavy,0.0,0.3333333333333333,0.0,0.3333333333333333,0.3333333333333333,{'property': 'heavy'},heavy,0.0,0.3333333333333333,0.0,0.3333333333333333,0.3333333333333333,{'property': 'edible'},edible,0.0,0.5555555555555556,0.0,0.5555555555555556,0.5555555555555556,{'property': 'edible'},edible,0.0,0.3333333333333333,0.0,0.3333333333333333,0.3333333333333333,0.0,0.0,0.37777777777777777,0.5555555555555556,0.37777777777777777,0.5555555555555556,{'property': 'edible'},edible,0.0,0.5555555555555556,0.0,0.5555555555555556,0.5555555555555556,{'property': 'edible'},edible,0.0,0.5555555555555556,0.0,0.5555555555555556,0.5555555555555556,{'property': 'edible'},edible,0.0,0.5555555555555556,0.0,0.5555555555555556,0.5555555555555556,{'property': 'edible'},edible,0.0,0.5555555555555556,0.0,0.5555555555555556,0.5555555555555556,{'property': 'heavy'},heavy,0.0,0.3333333333333333,0.0,0.3333333333333333,0.3333333333333333,0.0,0.0,0.5111111111111112,0.5555555555555556,0.5111111111111112,0.5555555555555556
"He would splash about like a trout in a saucer, bemoaning his fate.",a trout in a saucer,trout,saucer,stream-dwelling,canceled,"(canceled, canceled, canceled)","(1, 2, 2)","(5, 5, 4)","(1, 1, 1)",0.8888888888888888,0.0,0.8888888888888888,,False,0.0,0.8888888888888888,"['{""property"": ""free-swimming""}', '{""property"": ""free-swimming""}', '{""property"": ""edible""}', '{""property"": ""edible""}', '{""property"": ""free-swimming""}']","['{""property"": ""edible""}', '{""property"": ""edible""}', '{""property"": ""free-swimming""}', '{""property"": ""free-swimming""}', '{""property"": ""free-swimming""}']","['{""property"": ""edible""}', '{""property"": ""free-swimming""}', '{""property"": ""free-swimming""}', '{""property"": ""free-swimming""}', '{""property"": ""edible""}']",{'property': 'free-swimming'},free-swimming,0.0,0.8888888888888888,0.0,0.8888888888888888,0.8888888888888888,{'property': 'free-swimming'},free-swimming,0.0,0.8888888888888888,0.0,0.8888888888888888,0.8888888888888888,{'property': 'edible'},edible,0.0,0.8888888888888888,0.0,0.8888888888888888,0.8888888888888888,{'property': 'edible'},edible,0.0,0.8888888888888888,0.0,0.8888888888888888,0.8888888888888888,{'property': 'free-swimming'},free-swimming,0.0,0.8888888888888888,0.0,0.8888888888888888,0.8888888888888888,0.0,0.0,0.888888888888889,0.8888888888888888,0.888888888888889,0.8888888888888888,{'property': 'edible'},edible,0.0,0.8888888888888888,0.0,0.8888888888888888,0.8888888888888888,{'property': 'edible'},edible,0.0,0.8888888888888888,0.0,0.8888888888888888,0.8888888888888888,{'property': 'free-swimming'},free-swimming,0.0,0.8888888888888888,0.0,0.8888888888888888,0.8888888888888888,{'property': 'free-swimming'},free-swimming,0.0,0.8888888888888888,0.0,0.8888888888888888,0.8888888888888888,{'property': 'free-swimming'},free-swimming,0.0,0.8888888888888888,0.0,0.8888888888888888,0.8888888888888888,0.0,0.0,0.888888888888889,0.8888888888888888,0.888888888888889,0.8888888888888888,{'property': 'edible'},edible,0.0,0.8888888888888888,0.0,0.8888888888888888,0.8888888888888888,{'property': 'free-swimming'},free-swimming,0.0,0.8888888888888888,0.0,0.8888888888888888,0.8888888888888888,{'property': 'free-swimming'},free-swimming,0.0,0.8888888888888888,0.0,0.8888888888888888,0.8888888888888888,{'property': 'free-swimming'},free-swimming,0.0,0.8888888888888888,0.0,0.8888888888888888,0.8888888888888888,{'property': 'edible'},edible,0.0,0.8888888888888888,0.0,0.8888888888888888,0.8888888888888888,0.0,0.0,0.888888888888889,0.8888888888888888,0.888888888888889,0.8888888888888888
"He and the others stood grimly silent watching the schooner, as immobile as graven images.",graven images,images,graven,composed of pixels or vectors,canceled,"(canceled, canceled, canceled)","(1, 1, 1)","(5, 4, 5)","(1, 1, 1)",1.0,0.0,1.0,,False,0.0,1.0,"['{""property"": ""worshiped""}', '{""property"": ""revered""}', '{""property"": ""revered""}', '{""property"": ""worshiped""}', '{""property"": ""revered""}']","['{""property"": ""worshiped""}', '{""property"": ""revered""}', '{""property"": ""worshiped""}', '{""property"": ""worshiped""}', '{""property"": ""worshiped""}']","['{""property"": ""worshiped""}', '{""property"": ""worshiped""}', '{""property"": ""revered""}', '{""property"": ""revered""}', '{""property"": ""revered""}']",{'property': 'worshiped'},worshiped,0.3333333333333333,0.1111111111111111,0.3333333333333333,0.3333333333333333,0.0,{'property': 'revered'},revered,0.3333333333333333,0.1111111111111111,0.3333333333333333,0.3333333333333333,0.0,{'property': 'revered'},revered,0.3333333333333333,0.1111111111111111,0.3333333333333333,0.3333333333333333,0.0,{'property': 'worshiped'},worshiped,0.3333333333333333,0.1111111111111111,0.3333333333333333,0.3333333333333333,0.0,{'property': 'revered'},revered,0.3333333333333333,0.3333333333333333,0.3333333333333333,0.3333333333333333,0.0,0.3333333333333333,0.3333333333333333,0.3333333333333333,0.3333333333333333,0.0,0.0,{'property': 'worshiped'},worshiped,0.3333333333333333,0.1111111111111111,0.3333333333333333,0.3333333333333333,0.0,{'property': 'revered'},revered,0.3333333333333333,0.1111111111111111,0.3333333333333333,0.3333333333333333,0.0,{'property': 'worshiped'},worshiped,0.5555555555555556,0.1111111111111111,0.3333333333333333,0.3333333333333333,0.0,{'property': 'worshiped'},worshiped,0.3333333333333333,0.1111111111111111,0.3333333333333333,0.3333333333333333,0.0,{'property': 'worshiped'},worshiped,0.3333333333333333,0.1111111111111111,0.3333333333333333,0.3333333333333333,0.0,0.37777777777777777,0.3333333333333333,0.3333333333333333,0.3333333333333333,0.0,0.0,{'property': 'worshiped'},worshiped,0.3333333333333333,0.1111111111111111,0.3333333333333333,0.3333333333333333,0.0,{'property': 'worshiped'},worshiped,0.3333333333333333,0.1111111111111111,0.3333333333333333,0.3333333333333333,0.0,{'property': 'revered'},revered,0.3333333333333333,0.1111111111111111,0.3333333333333333,0.3333333333333333,0.0,{'property': 'revered'},revered,0.3333333333333333,0.1111111111111111,0.3333333333333333,0.3333333333333333,0.0,{'property': 'revered'},revered,0.3333333333333333,0.1111111111111111,0.3333333333333333,0.3333333333333333,0.0,0.3333333333333333,0.3333333333333333,0.3333333333333333,0.3333333333333333,0.0,0.0
"The early submarine, though, was not only as blind as a cave fish, but it was as deaf and as dumb as a snail and since this was the case, it had to do whatever talking was necessary by means of a deaf and dumb alphabet, that is, by signaling with flags, or wigwagging, as it is called.",a cave fish,fish,cave,colorful,canceled,"(canceled, canceled, canceled)","(1, 3, 1)","(4, 4, 4)","(1, 2, 1)",0.5555555555555556,0.0,0.5555555555555556,0.111111111,False,0.1111111111111111,0.5555555555555556,"['{""property"": ""colorful""}', '{""property"": ""colorful""}', '{""property"": ""good eyesight""}', '{""property"": ""visible""}', '{""property"": ""common""}']","['{""property"": ""scales""}', '{""property"": ""colorful""}', '{""property"": ""scales""}', '{""property"": ""common""}', '{""property"": ""common""}']","['{""property"": ""colorful""}', '{""property"": ""colorful""}', '{""property"": ""visible""}', '{""property"": ""visible""}', '{""property"": ""visible""}']",{'property': 'colorful'},colorful,0.0,0.5555555555555556,0.1111111111111111,0.5555555555555556,0.5555555555555556,{'property': 'colorful'},colorful,0.0,0.5555555555555556,0.1111111111111111,0.5555555555555556,0.5555555555555556,{'property': 'good eyesight'},good eyesight,0.0,0.3333333333333333,0.0,0.3333333333333333,0.3333333333333333,{'property': 'visible'},visible,0.1111111111111111,0.3333333333333333,0.2222222222222222,0.3333333333333333,0.2222222222222222,{'property': 'common'},common,0.3333333333333333,0.7777777777777778,0.3333333333333333,0.7777777777777778,0.4444444444444445,0.08888888888888888,0.0,0.5111111111111111,0.7777777777777778,0.4222222222222222,0.5555555555555556,{'property': 'scales'},scales,0.5555555555555556,1.0,0.0,1.0,0.4444444444444444,{'property': 'colorful'},colorful,0.0,0.5555555555555556,0.1111111111111111,0.5555555555555556,0.5555555555555556,{'property': 'scales'},scales,0.5555555555555556,1.0,0.0,1.0,0.4444444444444444,{'property': 'common'},common,0.2222222222222222,0.7777777777777778,0.3333333333333333,0.7777777777777778,0.5555555555555556,{'property': 'common'},common,0.2222222222222222,0.7777777777777778,0.3333333333333333,0.7777777777777778,0.5555555555555556,0.31111111111111117,0.0,0.8222222222222222,1.0,0.5111111111111111,0.5555555555555556,{'property': 'colorful'},colorful,0.0,0.5555555555555556,0.1111111111111111,0.5555555555555556,0.5555555555555556,{'property': 'colorful'},colorful,0.0,0.5555555555555556,0.1111111111111111,0.5555555555555556,0.5555555555555556,{'property': 'visible'},visible,0.1111111111111111,0.3333333333333333,0.1111111111111111,0.3333333333333333,0.2222222222222222,{'property': 'visible'},visible,0.1111111111111111,0.3333333333333333,0.1111111111111111,0.3333333333333333,0.2222222222222222,{'property': 'visible'},visible,0.0,0.3333333333333333,0.1111111111111111,0.3333333333333333,0.3333333333333333,0.04444444444444444,0.0,0.4222222222222222,0.5555555555555556,0.3777777777777778,0.5555555555555556
"He quickly opted for the rubbish bin, sliding in as silently as the nonexistent wind. ",the nonexistent wind,wind,nonexistent,airflow,canceled,"(canceled, canceled, canceled)","(1, 1, 1)","(5, 5, 5)","(1, 1, 1)",1.0,0.0,1.0,,False,0.0,1.0,"['{""property"": ""audible""}', '{""property"": ""blowing""}', '{""property"": ""visible""}', '{""property"": ""audible""}', '{""property"": ""tangible""}']","['{""property"": ""tangible""}', '{""property"": ""blowing""}', '{""property"": ""blowing""}', '{""property"": ""intangible""}', '{""property"": ""tangible""}']","['{""property"": ""tangible""}', '{""property"": ""blowing""}', '{""property"": ""blowing""}', '{""property"": ""blowing""}', '{""property"": ""existent""}']",{'property': 'audible'},audible,0.0,0.5555555555555556,0.0,0.5555555555555556,0.5555555555555556,{'property': 'blowing'},blowing,0.0,0.8888888888888888,0.0,0.8888888888888888,0.8888888888888888,{'property': 'visible'},visible,0.0,0.0,0.0,0.0,0.0,{'property': 'audible'},audible,0.0,0.5555555555555556,0.0,0.5555555555555556,0.5555555555555556,{'property': 'tangible'},tangible,0.0,0.0,0.0,0.0,0.0,0.0,0.0,0.4,0.8888888888888888,0.4,0.8888888888888888,{'property': 'tangible'},tangible,0.0,0.0,0.0,0.0,0.0,{'property': 'blowing'},blowing,0.0,0.8888888888888888,0.0,0.8888888888888888,0.8888888888888888,{'property': 'blowing'},blowing,0.0,0.8888888888888888,0.0,0.8888888888888888,0.8888888888888888,{'property': 'intangible'},intangible,1.0,1.0,1.0,1.0,0.0,{'property': 'tangible'},tangible,0.0,0.0,0.0,0.0,0.0,0.2,0.0,0.5555555555555556,1.0,0.3555555555555555,0.8888888888888888,{'property': 'tangible'},tangible,0.0,0.0,0.0,0.0,0.0,{'property': 'blowing'},blowing,0.0,0.8888888888888888,0.0,0.8888888888888888,0.8888888888888888,{'property': 'blowing'},blowing,0.0,0.8888888888888888,0.0,0.8888888888888888,0.8888888888888888,{'property': 'blowing'},blowing,0.0,0.8888888888888888,0.0,0.8888888888888888,0.8888888888888888,{'property': 'existent'},existent,0.0,1.0,0.0,1.0,1.0,0.0,0.0,0.7333333333333333,1.0,0.7333333333333333,1.0
Here I got to lie still like a mouse under a broom.,a mouse under a broom,mouse,broom,quiet,canceled,"(canceled, canceled, component)","(1, 1, 4)","(4, 5, 5)","(3, 1, 1)",0.3333333333333332,0.5555555555555556,0.7777777777777778,0.988888889,False,0.8888888888888888,0.8888888888888888,"['{""property"": ""visible""}', '{""property"": ""visible""}', '{""property"": ""visible""}', '{""property"": ""visible""}', '{""property"": ""visible""}']","['{""property"": ""visible""}', '{""property"": ""visible""}', '{""property"": ""visible""}', '{""property"": ""visible""}', '{""property"": ""visible""}']","['{""property"": ""visible""}', '{""property"": ""visible""}', '{""property"": ""visible""}', '{""property"": ""visible""}', '{""property"": ""visible""}']",{'property': 'visible'},visible,0.2222222222222222,0.3333333333333333,0.7777777777777778,0.7777777777777778,0.5555555555555556,{'property': 'visible'},visible,0.2222222222222222,0.3333333333333333,0.7777777777777778,0.7777777777777778,0.5555555555555556,{'property': 'visible'},visible,0.2222222222222222,0.3333333333333333,0.8888888888888888,0.8888888888888888,0.6666666666666666,{'property': 'visible'},visible,0.2222222222222222,0.3333333333333333,0.7777777777777778,0.7777777777777778,0.5555555555555556,{'property': 'visible'},visible,0.2222222222222222,0.3333333333333333,0.7777777777777778,0.7777777777777778,0.5555555555555556,0.22222222222222224,0.2222222222222222,0.8,0.8888888888888888,0.5777777777777777,0.6666666666666666,{'property': 'visible'},visible,0.1111111111111111,0.3333333333333333,0.7777777777777778,0.7777777777777778,0.6666666666666667,{'property': 'visible'},visible,0.2222222222222222,0.3333333333333333,0.7777777777777778,0.7777777777777778,0.5555555555555556,{'property': 'visible'},visible,0.2222222222222222,0.3333333333333333,0.7777777777777778,0.7777777777777778,0.5555555555555556,{'property': 'visible'},visible,0.2222222222222222,0.3333333333333333,0.7777777777777778,0.7777777777777778,0.5555555555555556,{'property': 'visible'},visible,0.2222222222222222,0.3333333333333333,0.7777777777777778,0.7777777777777778,0.5555555555555556,0.2,0.1111111111111111,0.7777777777777778,0.7777777777777778,0.5777777777777778,0.6666666666666667,{'property': 'visible'},visible,0.2222222222222222,0.3333333333333333,0.7777777777777778,0.7777777777777778,0.5555555555555556,{'property': 'visible'},visible,0.2222222222222222,0.3333333333333333,0.7777777777777778,0.7777777777777778,0.5555555555555556,{'property': 'visible'},visible,0.2222222222222222,0.3333333333333333,0.7777777777777778,0.7777777777777778,0.5555555555555556,{'property': 'visible'},visible,0.2222222222222222,0.3333333333333333,0.7777777777777778,0.7777777777777778,0.5555555555555556,{'property': 'visible'},visible,0.2222222222222222,0.3333333333333333,0.7777777777777778,0.7777777777777778,0.5555555555555556,0.22222222222222224,0.2222222222222222,0.7777777777777778,0.7777777777777778,0.5555555555555556,0.5555555555555556
,a burnt out lightbulb,lightbulb,burn,bright,canceled,"(canceled, canceled, canceled)","(1, 1, 1)","(5, 4, 5)","(3, 3, 2)",0.7777777777777778,0.0,0.7777777777777778,,False,0.7777777777777778,0.7777777777777778,"['{""property"": ""illuminating""}', '{""property"": ""illuminating""}', '{""property"": ""functional""}', '{""property"": ""illuminating""}', '{""property"": ""illuminating""}']","['{""property"": ""functional""}', '{""property"": ""illuminating""}', '{""property"": ""illuminating""}', '{""property"": ""illuminating""}', '{""property"": ""illuminating""}']","['{""property"": ""illuminating""}', '{""property"": ""functional""}', '{""property"": ""illuminating""}', '{""property"": ""illuminating""}', '{""property"": ""functional""}']",{'property': 'illuminating'},illuminating,0.0,0.8888888888888888,0.5555555555555556,0.8888888888888888,0.8888888888888888,{'property': 'illuminating'},illuminating,0.0,0.8888888888888888,0.5555555555555556,0.8888888888888888,0.8888888888888888,{'property': 'functional'},functional,0.0,0.7777777777777778,0.0,0.7777777777777778,0.7777777777777778,{'property': 'illuminating'},illuminating,0.0,0.8888888888888888,0.5555555555555556,0.8888888888888888,0.8888888888888888,{'property': 'illuminating'},illuminating,0.0,0.8888888888888888,0.5555555555555556,0.8888888888888888,0.8888888888888888,0.0,0.0,0.8666666666666666,0.8888888888888888,0.8666666666666666,0.8888888888888888,{'property': 'functional'},functional,0.0,0.7777777777777778,0.0,0.7777777777777778,0.7777777777777778,{'property': 'illuminating'},illuminating,0.0,0.8888888888888888,0.5555555555555556,0.8888888888888888,0.8888888888888888,{'property': 'illuminating'},illuminating,0.0,0.8888888888888888,0.5555555555555556,0.8888888888888888,0.8888888888888888,{'property': 'illuminating'},illuminating,0.0,0.8888888888888888,0.5555555555555556,0.8888888888888888,0.8888888888888888,{'property': 'illuminating'},illuminating,0.0,0.8888888888888888,0.5555555555555556,0.8888888888888888,0.8888888888888888,0.0,0.0,0.8666666666666666,0.8888888888888888,0.8666666666666666,0.8888888888888888,{'property': 'illuminating'},illuminating,0.0,0.8888888888888888,0.5555555555555556,0.8888888888888888,0.8888888888888888,{'property': 'functional'},functional,0.0,0.7777777777777778,0.0,0.7777777777777778,0.7777777777777778,{'property': 'illuminating'},illuminating,0.0,0.8888888888888888,0.5555555555555556,0.8888888888888888,0.8888888888888888,{'property': 'illuminating'},illuminating,0.0,0.8888888888888888,0.5555555555555556,0.8888888888888888,0.8888888888888888,{'property': 'functional'},functional,0.0,0.7777777777777778,0.3333333333333333,0.7777777777777778,0.7777777777777778,0.0,0.0,0.8444444444444444,0.8888888888888888,0.8444444444444444,0.8888888888888888
,a jenga tower,tower,jenga,often made of stone or metal,canceled,"(canceled, canceled, canceled)","(1, 1, 1)","(4, 4, 2)","(1, 1, 1)",0.8888888888888888,0.0,0.8888888888888888,,False,0.0,0.8888888888888888,"['{""property"": ""stable""}', '{""property"": ""stable""}', '{""property"": ""stable""}', '{""property"": ""stable""}', '{""property"": ""stable""}']","['{""property"": ""stable""}', '{""property"": ""stable""}', '{""property"": ""stable""}', '{""property"": ""stable""}', '{""property"": ""stable""}']","['{""property"": ""stable""}', '{""property"": ""sturdy""}', '{""property"": ""stable""}', '{""property"": ""stable""}', '{""property"": ""stable""}']",{'property': 'stable'},stable,0.3333333333333333,0.7777777777777778,0.3333333333333333,0.7777777777777778,0.4444444444444445,{'property': 'stable'},stable,0.3333333333333333,0.7777777777777778,0.3333333333333333,0.7777777777777778,0.4444444444444445,{'property': 'stable'},stable,0.3333333333333333,0.7777777777777778,0.3333333333333333,0.7777777777777778,0.4444444444444445,{'property': 'stable'},stable,0.3333333333333333,0.7777777777777778,0.3333333333333333,0.7777777777777778,0.4444444444444445,{'property': 'stable'},stable,0.3333333333333333,0.7777777777777778,0.3333333333333333,0.7777777777777778,0.4444444444444445,0.3333333333333333,0.3333333333333333,0.7777777777777778,0.7777777777777778,0.4444444444444445,0.4444444444444445,{'property': 'stable'},stable,0.3333333333333333,0.7777777777777778,0.3333333333333333,0.7777777777777778,0.4444444444444445,{'property': 'stable'},stable,0.3333333333333333,0.7777777777777778,0.3333333333333333,0.7777777777777778,0.4444444444444445,{'property': 'stable'},stable,0.3333333333333333,0.7777777777777778,0.2222222222222222,0.7777777777777778,0.4444444444444445,{'property': 'stable'},stable,0.3333333333333333,0.7777777777777778,0.3333333333333333,0.7777777777777778,0.4444444444444445,{'property': 'stable'},stable,0.3333333333333333,0.7777777777777778,0.2222222222222222,0.7777777777777778,0.4444444444444445,0.3333333333333333,0.3333333333333333,0.7777777777777778,0.7777777777777778,0.4444444444444445,0.4444444444444445,{'property': 'stable'},stable,0.3333333333333333,0.7777777777777778,0.3333333333333333,0.7777777777777778,0.4444444444444445,{'property': 'sturdy'},sturdy,0.2222222222222222,0.7777777777777778,0.2222222222222222,0.7777777777777778,0.5555555555555556,{'property': 'stable'},stable,0.3333333333333333,0.7777777777777778,0.2222222222222222,0.7777777777777778,0.4444444444444445,{'property': 'stable'},stable,0.3333333333333333,0.7777777777777778,0.3333333333333333,0.7777777777777778,0.4444444444444445,{'property': 'stable'},stable,0.3333333333333333,0.7777777777777778,0.2222222222222222,0.7777777777777778,0.4444444444444445,0.31111111111111106,0.2222222222222222,0.7777777777777778,0.7777777777777778,0.4666666666666667,0.5555555555555556
They became as still as men of stone.,men of stone,man,stone,curious,canceled,"(canceled, canceled, others)","(1, 1, 2)","(4, 3, 4)","(1, 1, 1)",0.5555555555555556,0.0,0.5555555555555556,0.0,False,0.0,0.5555555555555556,"['{""property"": ""agile""}', '{""property"": ""living""}', '{""property"": ""emotional""}', '{""property"": ""emotional""}', '{""property"": ""emotional""}']","['{""property"": ""breathing""}', '{""property"": ""emotional""}', '{""property"": ""emotional""}', '{""property"": ""emotional""}', '{""property"": ""emotional""}']","['{""property"": ""emotional""}', '{""property"": ""emotional""}', '{""property"": ""emotional""}', '{""property"": ""emotional""}', '{""property"": ""emotional""}']",{'property': 'agile'},agile,0.0,0.3333333333333333,0.0,0.3333333333333333,0.3333333333333333,{'property': 'living'},living,0.0,1.0,0.0,1.0,1.0,{'property': 'emotional'},emotional,0.0,0.5555555555555556,0.0,0.5555555555555556,0.5555555555555556,{'property': 'emotional'},emotional,0.0,0.5555555555555556,0.0,0.5555555555555556,0.5555555555555556,{'property': 'emotional'},emotional,0.0,0.5555555555555556,0.0,0.5555555555555556,0.5555555555555556,0.0,0.0,0.6,1.0,0.6,1.0,{'property': 'breathing'},breathing,0.0,1.0,0.0,1.0,1.0,{'property': 'emotional'},emotional,0.0,0.5555555555555556,0.0,0.5555555555555556,0.5555555555555556,{'property': 'emotional'},emotional,0.0,0.5555555555555556,0.0,0.5555555555555556,0.5555555555555556,{'property': 'emotional'},emotional,0.0,0.5555555555555556,0.0,0.5555555555555556,0.5555555555555556,{'property': 'emotional'},emotional,0.0,0.5555555555555556,0.0,0.5555555555555556,0.5555555555555556,0.0,0.0,0.6444444444444445,1.0,0.6444444444444445,1.0,{'property': 'emotional'},emotional,0.0,0.5555555555555556,0.0,0.5555555555555556,0.5555555555555556,{'property': 'emotional'},emotional,0.0,0.5555555555555556,0.0,0.5555555555555556,0.5555555555555556,{'property': 'emotional'},emotional,0.0,0.5555555555555556,0.0,0.5555555555555556,0.5555555555555556,{'property': 'emotional'},emotional,0.0,0.5555555555555556,0.0,0.5555555555555556,0.5555555555555556,{'property': 'emotional'},emotional,0.0,0.5555555555555556,0.0,0.5555555555555556,0.5555555555555556,0.0,0.0,0.5555555555555556,0.5555555555555556,0.5555555555555556,0.5555555555555556
"A Nobel of course NOBEL and I got to I was invited, I was just like the dessert to the dinner, to give a little afterdinner speech.",the dessert to the dinner,dessert,dinner,hearty,canceled,"(canceled, canceled, canceled)","(2, 2, 1)","(1, 1, 1)","(4, 4, 4)",0.5555555555555556,0.0,0.0,0.588888889,False,0.5555555555555556,0.5555555555555556,"['{""property"": ""savory""}', '{""property"": ""salty""}', '{""property"": ""served before""}', '{""property"": ""satisfying""}', '{""property"": ""sufficient""}']","['{""property"": ""sufficient""}', '{""property"": ""savory""}', '{""property"": ""savory""}', '{""property"": ""main_course""}', '{""property"": ""main""}']","['{""property"": ""savory""}', '{""property"": ""savory""}', '{""property"": ""savory""}', '{""property"": ""main""}', '{""property"": ""main""}']",{'property': 'savory'},savory,0.0,0.0,0.5555555555555556,0.5555555555555556,0.5555555555555556,{'property': 'salty'},salty,0.0,0.1111111111111111,0.3333333333333333,0.3333333333333333,0.3333333333333333,{'property': 'served before'},served before,0.0,0.0,0.3333333333333333,0.3333333333333333,0.3333333333333333,{'property': 'satisfying'},satisfying,0.7777777777777778,0.7777777777777778,0.7777777777777778,0.7777777777777778,0.0,{'property': 'sufficient'},sufficient,0.3333333333333333,0.3333333333333333,0.6666666666666666,0.6666666666666666,0.3333333333333333,0.22222222222222224,0.0,0.5333333333333333,0.7777777777777778,0.31111111111111106,0.5555555555555556,{'property': 'sufficient'},sufficient,0.3333333333333333,0.3333333333333333,0.5555555555555556,0.5555555555555556,0.2222222222222222,{'property': 'savory'},savory,0.0,0.0,0.6666666666666666,0.6666666666666666,0.6666666666666666,{'property': 'savory'},savory,0.0,0.0,0.6666666666666666,0.6666666666666666,0.6666666666666666,{'property': 'main_course'},main_course,0.0,0.0,0.8888888888888888,0.8888888888888888,0.8888888888888888,{'property': 'main'},main,0.0,0.0,0.8888888888888888,0.8888888888888888,0.8888888888888888,0.06666666666666667,0.0,0.7333333333333333,0.8888888888888888,0.6666666666666666,0.8888888888888888,{'property': 'savory'},savory,0.0,0.0,0.5555555555555556,0.5555555555555556,0.5555555555555556,{'property': 'savory'},savory,0.0,0.0,0.5555555555555556,0.5555555555555556,0.5555555555555556,{'property': 'savory'},savory,0.0,0.0,0.5555555555555556,0.5555555555555556,0.5555555555555556,{'property': 'main'},main,0.0,0.0,0.8888888888888888,0.8888888888888888,0.8888888888888888,{'property': 'main'},main,0.0,0.0,0.8888888888888888,0.8888888888888888,0.8888888888888888,0.0,0.0,0.6888888888888889,0.8888888888888888,0.6888888888888889,0.8888888888888888
"You are in love, you want to discover the object of your passion you are getting as yellow as a lettuce without water.",a lettuce without water,lettuce,water,leafy,canceled,"(canceled, component, canceled)","(3, 2, 2)","(5, 5, 5)","(2, 1, 1)",1.0,0.0,1.0,,False,0.0,1.0,"['{""property"": ""hydrating""}', '{""property"": ""edible""}', '{""property"": ""edible""}', '{""property"": ""hydrating""}', '{""property"": ""fresh""}']","['{""property"": ""hydrating""}', '{""property"": ""edible""}', '{""property"": ""crunchy""}', '{""property"": ""hydrating""}', '{""property"": ""edible""}']","['{""property"": ""edible""}', '{""property"": ""edible""}', '{""property"": ""edible""}', '{""property"": ""edible""}', '{""property"": ""edible""}']",{'property': 'hydrating'},hydrating,0.0,0.7777777777777778,1.0,1.0,1.0,{'property': 'edible'},edible,0.3333333333333333,1.0,0.3333333333333333,1.0,0.6666666666666667,{'property': 'edible'},edible,0.3333333333333333,1.0,0.3333333333333333,1.0,0.6666666666666667,{'property': 'hydrating'},hydrating,0.0,0.6666666666666666,1.0,1.0,1.0,{'property': 'fresh'},fresh,0.0,0.6666666666666666,0.5555555555555556,0.6666666666666666,0.6666666666666666,0.13333333333333333,0.0,0.9333333333333333,1.0,0.8,1.0,{'property': 'hydrating'},hydrating,0.0,0.7777777777777778,1.0,1.0,1.0,{'property': 'edible'},edible,0.3333333333333333,1.0,0.3333333333333333,1.0,0.6666666666666667,{'property': 'crunchy'},crunchy,0.0,0.8888888888888888,0.0,0.8888888888888888,0.8888888888888888,{'property': 'hydrating'},hydrating,0.0,0.5555555555555556,1.0,1.0,1.0,{'property': 'edible'},edible,0.3333333333333333,1.0,0.3333333333333333,1.0,0.6666666666666667,0.13333333333333333,0.0,0.9777777777777779,1.0,0.8444444444444444,1.0,{'property': 'edible'},edible,0.3333333333333333,1.0,0.3333333333333333,1.0,0.6666666666666667,{'property': 'edible'},edible,0.3333333333333333,0.8888888888888888,0.3333333333333333,0.8888888888888888,0.5555555555555556,{'property': 'edible'},edible,0.3333333333333333,1.0,0.0,1.0,0.6666666666666667,{'property': 'edible'},edible,0.3333333333333333,1.0,0.3333333333333333,1.0,0.6666666666666667,{'property': 'edible'},edible,0.3333333333333333,1.0,0.3333333333333333,1.0,0.6666666666666667,0.3333333333333333,0.3333333333333333,0.9777777777777779,1.0,0.6444444444444445,0.6666666666666667
"The fact is, rental prices did originally rise rapidly, not as rapidly as home prices, but they were rising in these areas.",home prices,price,home,comfortable,canceled,"(others, canceled, canceled)","(2, 2, 1)","(1, 1, 1)","(5, 5, 4)",0.4444444444444445,0.3333333333333333,0.0,0.788888889,False,0.7777777777777778,0.7777777777777778,"['{""property"": ""affordable""}', '{""property"": ""affordable""}', '{""property"": ""affordable""}', '{""property"": ""affordable""}', '{""property"": ""affordable""}']","['{""property"": ""affordable""}', '{""property"": ""affordable""}', '{""property"": ""affordable""}', '{""property"": ""affordable""}', '{""property"": ""affordable""}']","['{""property"": ""portable""}', '{""property"": ""affordable""}', '{""property"": ""affordable""}', '{""property"": ""affordable""}', '{""property"": ""affordable""}']",{'property': 'affordable'},affordable,0.3333333333333333,0.3333333333333333,0.3333333333333333,0.3333333333333333,0.0,{'property': 'affordable'},affordable,0.2222222222222222,0.3333333333333333,0.3333333333333333,0.3333333333333333,0.1111111111111111,{'property': 'affordable'},affordable,0.2222222222222222,0.3333333333333333,0.3333333333333333,0.3333333333333333,0.1111111111111111,{'property': 'affordable'},affordable,0.2222222222222222,0.3333333333333333,0.3333333333333333,0.3333333333333333,0.1111111111111111,{'property': 'affordable'},affordable,0.2222222222222222,0.3333333333333333,0.3333333333333333,0.3333333333333333,0.1111111111111111,0.24444444444444446,0.2222222222222222,0.3333333333333333,0.3333333333333333,0.08888888888888888,0.1111111111111111,{'property': 'affordable'},affordable,0.2222222222222222,0.3333333333333333,0.3333333333333333,0.3333333333333333,0.1111111111111111,{'property': 'affordable'},affordable,0.2222222222222222,0.3333333333333333,0.3333333333333333,0.3333333333333333,0.1111111111111111,{'property': 'affordable'},affordable,0.2222222222222222,0.3333333333333333,0.3333333333333333,0.3333333333333333,0.1111111111111111,{'property': 'affordable'},affordable,0.2222222222222222,0.3333333333333333,0.3333333333333333,0.3333333333333333,0.1111111111111111,{'property': 'affordable'},affordable,0.2222222222222222,0.3333333333333333,0.3333333333333333,0.3333333333333333,0.1111111111111111,0.22222222222222224,0.2222222222222222,0.3333333333333333,0.3333333333333333,0.11111111111111112,0.1111111111111111,{'property': 'portable'},portable,0.0,0.0,0.0,0.0,0.0,{'property': 'affordable'},affordable,0.2222222222222222,0.3333333333333333,0.3333333333333333,0.3333333333333333,0.1111111111111111,{'property': 'affordable'},affordable,0.2222222222222222,0.3333333333333333,0.3333333333333333,0.3333333333333333,0.1111111111111111,{'property': 'affordable'},affordable,0.2222222222222222,0.3333333333333333,0.3333333333333333,0.3333333333333333,0.1111111111111111,{'property': 'affordable'},affordable,0.2222222222222222,0.3333333333333333,0.3333333333333333,0.3333333333333333,0.1111111111111111,0.17777777777777776,0.0,0.26666666666666666,0.3333333333333333,0.08888888888888888,0.1111111111111111
The flats look almost like a young woods.,a young woods,wood,young,sturdy,canceled,"(canceled, canceled, component)","(2, 3, 4)","(5, 4, 5)","(1, 2, 1)",0.2222222222222222,0.3333333333333333,0.5555555555555556,0.077777778,False,0.3333333333333333,0.5555555555555556,"['{""property"": ""scary""}', '{""property"": ""mature""}', '{""property"": ""mature""}', '{""property"": ""dense""}', '{""property"": ""dense""}']","['{""property"": ""old""}', '{""property"": ""mature""}', '{""property"": ""mature""}', '{""property"": ""dense""}', '{""property"": ""mature""}']","['{""property"": ""dense""}', '{""property"": ""mature""}', '{""property"": ""mature""}', '{""property"": ""mature""}', '{""property"": ""dense""}']",{'property': 'scary'},scary,0.2222222222222222,0.0,0.0,0.0,0.0,{'property': 'mature'},mature,0.1111111111111111,0.5555555555555556,0.0,0.5555555555555556,0.4444444444444445,{'property': 'mature'},mature,0.1111111111111111,0.5555555555555556,0.0,0.5555555555555556,0.4444444444444445,{'property': 'dense'},dense,0.3333333333333333,0.4444444444444444,0.3333333333333333,0.4444444444444444,0.1111111111111111,{'property': 'dense'},dense,0.3333333333333333,0.3333333333333333,0.1111111111111111,0.3333333333333333,0.0,0.22222222222222218,0.1111111111111111,0.37777777777777777,0.5555555555555556,0.2,0.4444444444444445,{'property': 'old'},old,0.0,0.3333333333333333,0.0,0.3333333333333333,0.3333333333333333,{'property': 'mature'},mature,0.1111111111111111,0.5555555555555556,0.0,0.5555555555555556,0.4444444444444445,{'property': 'mature'},mature,0.1111111111111111,0.5555555555555556,0.0,0.5555555555555556,0.4444444444444445,{'property': 'dense'},dense,0.3333333333333333,0.3333333333333333,0.3333333333333333,0.3333333333333333,0.0,{'property': 'mature'},mature,0.1111111111111111,0.5555555555555556,0.0,0.5555555555555556,0.4444444444444445,0.13333333333333336,0.0,0.4666666666666666,0.5555555555555556,0.33333333333333337,0.4444444444444445,{'property': 'dense'},dense,0.3333333333333333,0.5555555555555556,0.3333333333333333,0.5555555555555556,0.2222222222222222,{'property': 'mature'},mature,0.1111111111111111,0.5555555555555556,0.0,0.5555555555555556,0.4444444444444445,{'property': 'mature'},mature,0.1111111111111111,0.5555555555555556,0.0,0.5555555555555556,0.4444444444444445,{'property': 'mature'},mature,0.1111111111111111,0.5555555555555556,0.0,0.5555555555555556,0.4444444444444445,{'property': 'dense'},dense,0.3333333333333333,0.5555555555555556,0.3333333333333333,0.5555555555555556,0.2222222222222222,0.2,0.1111111111111111,0.5555555555555556,0.5555555555555556,0.3555555555555555,0.4444444444444445
,a static radio,radio,static,tunable,canceled,"(canceled, canceled, canceled)","(2, 2, 1)","(5, 5, 5)","(2, 1, 1)",1.0,0.0,1.0,,False,0.0,1.0,"['{""property"": ""portable""}', '{""property"": ""portable""}', '{""property"": ""portable""}', '{""property"": ""portable""}', '{""property"": ""portable""}']","['{""property"": ""portable""}', '{""property"": ""portable""}', '{""property"": ""portable""}', '{""property"": ""portable""}', '{""property"": ""portable""}']","['{""property"": ""portable""}', '{""property"": ""portable""}', '{""property"": ""portable""}', '{""property"": ""portable""}', '{""property"": ""portable""}']",{'property': 'portable'},portable,0.3333333333333333,0.5555555555555556,0.0,0.5555555555555556,0.2222222222222222,{'property': 'portable'},portable,0.3333333333333333,0.5555555555555556,0.0,0.5555555555555556,0.2222222222222222,{'property': 'portable'},portable,0.3333333333333333,0.5555555555555556,0.0,0.5555555555555556,0.2222222222222222,{'property': 'portable'},portable,0.3333333333333333,0.5555555555555556,0.0,0.5555555555555556,0.2222222222222222,{'property': 'portable'},portable,0.3333333333333333,0.5555555555555556,0.0,0.5555555555555556,0.2222222222222222,0.3333333333333333,0.3333333333333333,0.5555555555555556,0.5555555555555556,0.22222222222222224,0.2222222222222222,{'property': 'portable'},portable,0.3333333333333333,0.5555555555555556,0.0,0.5555555555555556,0.2222222222222222,{'property': 'portable'},portable,0.3333333333333333,0.5555555555555556,0.0,0.5555555555555556,0.2222222222222222,{'property': 'portable'},portable,0.3333333333333333,0.5555555555555556,0.0,0.5555555555555556,0.2222222222222222,{'property': 'portable'},portable,0.3333333333333333,0.5555555555555556,0.0,0.5555555555555556,0.2222222222222222,{'property': 'portable'},portable,0.3333333333333333,0.5555555555555556,0.0,0.5555555555555556,0.2222222222222222,0.3333333333333333,0.3333333333333333,0.5555555555555556,0.5555555555555556,0.22222222222222224,0.2222222222222222,{'property': 'portable'},portable,0.3333333333333333,0.5555555555555556,0.0,0.5555555555555556,0.2222222222222222,{'property': 'portable'},portable,0.3333333333333333,0.5555555555555556,0.0,0.5555555555555556,0.2222222222222222,{'property': 'portable'},portable,0.3333333333333333,0.5555555555555556,0.0,0.5555555555555556,0.2222222222222222,{'property': 'portable'},portable,0.3333333333333333,0.5555555555555556,0.0,0.5555555555555556,0.2222222222222222,{'property': 'portable'},portable,0.3333333333333333,0.5555555555555556,0.0,0.5555555555555556,0.2222222222222222,0.3333333333333333,0.3333333333333333,0.5555555555555556,0.5555555555555556,0.22222222222222224,0.2222222222222222
the assistant just stands there like a remedial bodyguard .,a remedial bodyguard,bodyguard,remedial,intimidate,canceled,"(canceled, canceled, canceled)","(2, 1, 2)","(4, 4, 4)","(1, 1, 1)",0.4444444444444445,0.3333333333333333,0.7777777777777778,0.077777778,False,0.0,0.7777777777777778,"['{""property"": ""intimidating""}', '{""property"": ""intimidating""}', '{""property"": ""intimidating""}', '{""property"": ""intimidating""}', '{""property"": ""intimidating""}']","['{""property"": ""intimidating""}', '{""property"": ""intimidating""}', '{""property"": ""intimidating""}', '{""property"": ""intimidating""}', '{""property"": ""intimidating""}']","['{""property"": ""intimidating""}', '{""property"": ""intimidating""}', '{""property"": ""intimidating""}', '{""property"": ""intimidating""}', '{""property"": ""intimidating""}']",{'property': 'intimidating'},intimidating,0.2222222222222222,0.7777777777777778,0.1111111111111111,0.7777777777777778,0.5555555555555556,{'property': 'intimidating'},intimidating,0.2222222222222222,0.7777777777777778,0.1111111111111111,0.7777777777777778,0.5555555555555556,{'property': 'intimidating'},intimidating,0.2222222222222222,0.7777777777777778,0.1111111111111111,0.7777777777777778,0.5555555555555556,{'property': 'intimidating'},intimidating,0.2222222222222222,0.7777777777777778,0.1111111111111111,0.7777777777777778,0.5555555555555556,{'property': 'intimidating'},intimidating,0.2222222222222222,0.7777777777777778,0.1111111111111111,0.7777777777777778,0.5555555555555556,0.22222222222222224,0.2222222222222222,0.7777777777777778,0.7777777777777778,0.5555555555555556,0.5555555555555556,{'property': 'intimidating'},intimidating,0.3333333333333333,0.7777777777777778,0.1111111111111111,0.7777777777777778,0.4444444444444445,{'property': 'intimidating'},intimidating,0.2222222222222222,0.7777777777777778,0.1111111111111111,0.7777777777777778,0.5555555555555556,{'property': 'intimidating'},intimidating,0.2222222222222222,0.7777777777777778,0.1111111111111111,0.7777777777777778,0.5555555555555556,{'property': 'intimidating'},intimidating,0.2222222222222222,0.7777777777777778,0.1111111111111111,0.7777777777777778,0.5555555555555556,{'property': 'intimidating'},intimidating,0.2222222222222222,0.7777777777777778,0.1111111111111111,0.7777777777777778,0.5555555555555556,0.24444444444444446,0.2222222222222222,0.7777777777777778,0.7777777777777778,0.5333333333333334,0.5555555555555556,{'property': 'intimidating'},intimidating,0.2222222222222222,0.7777777777777778,0.1111111111111111,0.7777777777777778,0.5555555555555556,{'property': 'intimidating'},intimidating,0.2222222222222222,0.7777777777777778,0.1111111111111111,0.7777777777777778,0.5555555555555556,{'property': 'intimidating'},intimidating,0.2222222222222222,0.7777777777777778,0.1111111111111111,0.7777777777777778,0.5555555555555556,{'property': 'intimidating'},intimidating,0.2222222222222222,0.7777777777777778,0.1111111111111111,0.7777777777777778,0.5555555555555556,{'property': 'intimidating'},intimidating,0.2222222222222222,0.7777777777777778,0.1111111111111111,0.7777777777777778,0.5555555555555556,0.22222222222222224,0.2222222222222222,0.7777777777777778,0.7777777777777778,0.5555555555555556,0.5555555555555556
,a bridge to nowhere,bridge,nowhere,connection,canceled,"(canceled, canceled, canceled)","(1, 2, 1)","(5, 5, 4)","(1, 1, 1)",0.7777777777777778,0.2222222222222222,1.0,,False,0.0,1.0,"['{""property"": ""crossable""}', '{""property"": ""useful""}', '{""property"": ""functional""}', '{""property"": ""useful""}', '{""property"": ""functional""}']","['{""property"": ""crossable""}', '{""property"": ""useful""}', '{""property"": ""usable""}', '{""property"": ""usable""}', '{""property"": ""useful""}']","['{""property"": ""crossable""}', '{""property"": ""useful""}', '{""property"": ""useful""}', '{""property"": ""useful""}', '{""property"": ""useful""}']",{'property': 'crossable'},crossable,0.1111111111111111,0.8888888888888888,0.0,0.8888888888888888,0.7777777777777777,{'property': 'useful'},useful,0.0,0.8888888888888888,0.0,0.8888888888888888,0.8888888888888888,{'property': 'functional'},functional,0.0,0.7777777777777778,0.0,0.7777777777777778,0.7777777777777778,{'property': 'useful'},useful,0.0,0.8888888888888888,0.0,0.8888888888888888,0.8888888888888888,{'property': 'functional'},functional,0.0,0.8888888888888888,0.0,0.8888888888888888,0.8888888888888888,0.02222222222222222,0.0,0.8666666666666666,0.8888888888888888,0.8444444444444443,0.8888888888888888,{'property': 'crossable'},crossable,0.0,0.8888888888888888,0.0,0.8888888888888888,0.8888888888888888,{'property': 'useful'},useful,0.0,0.8888888888888888,0.0,0.8888888888888888,0.8888888888888888,{'property': 'usable'},usable,0.0,0.8888888888888888,0.0,0.8888888888888888,0.8888888888888888,{'property': 'usable'},usable,0.0,0.8888888888888888,0.0,0.8888888888888888,0.8888888888888888,{'property': 'useful'},useful,0.0,0.8888888888888888,0.0,0.8888888888888888,0.8888888888888888,0.0,0.0,0.888888888888889,0.8888888888888888,0.888888888888889,0.8888888888888888,{'property': 'crossable'},crossable,0.0,0.8888888888888888,0.0,0.8888888888888888,0.8888888888888888,{'property': 'useful'},useful,0.0,0.8888888888888888,0.0,0.8888888888888888,0.8888888888888888,{'property': 'useful'},useful,0.0,0.8888888888888888,0.0,0.8888888888888888,0.8888888888888888,{'property': 'useful'},useful,0.0,0.8888888888888888,0.0,0.8888888888888888,0.8888888888888888,{'property': 'useful'},useful,0.0,0.8888888888888888,0.0,0.8888888888888888,0.8888888888888888,0.0,0.0,0.888888888888889,0.8888888888888888,0.888888888888889,0.8888888888888888
"John Frankenheimer shot his ride full of bullet holes, and Guy Ritchie takes his beamer on a Ferris Buellerlike joyride, with Madonna being tossed around like a sack of melons.",a sack of melons,sack,melon,limp,canceled,"(canceled, canceled, component)","(3, 3, 4)","(3, 2, 1)","(3, 3, 3)",0.8888888888888888,0.0,0.8888888888888888,0.0,False,0.0,0.8888888888888888,"['{""property"": ""portable""}', '{""property"": ""portable""}', '{""property"": ""portable""}', '{""property"": ""lightweight""}', '{""property"": ""portable""}']","['{""property"": ""portable""}', '{""property"": ""portable""}', '{""property"": ""portable""}', '{""property"": ""portable""}', '{""property"": ""portable""}']","['{""property"": ""portable""}', '{""property"": ""portable""}', '{""property"": ""portable""}', '{""property"": ""portable""}', '{""property"": ""portable""}']",{'property': 'portable'},portable,0.5555555555555556,0.7777777777777778,0.5555555555555556,0.7777777777777778,0.2222222222222222,{'property': 'portable'},portable,0.5555555555555556,0.7777777777777778,0.5555555555555556,0.7777777777777778,0.2222222222222222,{'property': 'portable'},portable,0.3333333333333333,0.8888888888888888,0.5555555555555556,0.8888888888888888,0.5555555555555556,{'property': 'lightweight'},lightweight,0.1111111111111111,0.5555555555555556,0.6666666666666666,0.6666666666666666,0.5555555555555556,{'property': 'portable'},portable,0.5555555555555556,0.8888888888888888,0.5555555555555556,0.8888888888888888,0.3333333333333332,0.4222222222222222,0.1111111111111111,0.8,0.8888888888888888,0.37777777777777777,0.5555555555555556,{'property': 'portable'},portable,0.5555555555555556,0.7777777777777778,0.5555555555555556,0.7777777777777778,0.2222222222222222,{'property': 'portable'},portable,0.5555555555555556,0.7777777777777778,0.5555555555555556,0.7777777777777778,0.2222222222222222,{'property': 'portable'},portable,0.3333333333333333,0.8888888888888888,0.5555555555555556,0.8888888888888888,0.5555555555555556,{'property': 'portable'},portable,0.3333333333333333,0.7777777777777778,0.5555555555555556,0.7777777777777778,0.4444444444444445,{'property': 'portable'},portable,0.3333333333333333,0.7777777777777778,0.5555555555555556,0.7777777777777778,0.4444444444444445,0.4222222222222222,0.3333333333333333,0.8,0.8888888888888888,0.37777777777777777,0.5555555555555556,{'property': 'portable'},portable,0.3333333333333333,0.8888888888888888,0.5555555555555556,0.8888888888888888,0.5555555555555556,{'property': 'portable'},portable,0.3333333333333333,0.7777777777777778,0.5555555555555556,0.7777777777777778,0.4444444444444445,{'property': 'portable'},portable,0.3333333333333333,0.7777777777777778,0.5555555555555556,0.7777777777777778,0.4444444444444445,{'property': 'portable'},portable,0.5555555555555556,0.8888888888888888,0.5555555555555556,0.8888888888888888,0.3333333333333332,{'property': 'portable'},portable,0.5555555555555556,0.7777777777777778,0.5555555555555556,0.7777777777777778,0.2222222222222222,0.4222222222222222,0.3333333333333333,0.8222222222222222,0.8888888888888888,0.4,0.5555555555555556
,breaking traditions,tradition,break,generational transmission,canceled,"(canceled, canceled, canceled)","(1, 1, 1)","(5, 5, 5)","(1, 2, 1)",1.0,0.0,1.0,,False,0.0,1.0,"['{""property"": ""timeless""}', '{""property"": ""valuable""}', '{""property"": ""respected""}', '{""property"": ""timeless""}', '{""property"": ""respected""}']","['{""property"": ""respected""}', '{""property"": ""respected""}', '{""property"": ""respected""}', '{""property"": ""timeless""}', '{""property"": ""conventional""}']","['{""property"": ""respected""}', '{""property"": ""conventional""}', '{""property"": ""respected""}', '{""property"": ""timeless""}', '{""property"": ""respectful""}']",{'property': 'timeless'},timeless,0.3333333333333333,0.7777777777777778,0.0,0.7777777777777778,0.4444444444444445,{'property': 'valuable'},valuable,0.5555555555555556,0.6666666666666666,0.0,0.6666666666666666,0.111111111111111,{'property': 'respected'},respected,0.2222222222222222,0.6666666666666666,0.0,0.6666666666666666,0.4444444444444444,{'property': 'timeless'},timeless,0.3333333333333333,0.7777777777777778,0.0,0.7777777777777778,0.4444444444444445,{'property': 'respected'},respected,0.1111111111111111,0.5555555555555556,0.0,0.5555555555555556,0.4444444444444445,0.3111111111111111,0.1111111111111111,0.6888888888888889,0.7777777777777778,0.37777777777777777,0.4444444444444445,{'property': 'respected'},respected,0.1111111111111111,0.5555555555555556,0.0,0.5555555555555556,0.4444444444444445,{'property': 'respected'},respected,0.1111111111111111,0.6666666666666666,0.0,0.6666666666666666,0.5555555555555556,{'property': 'respected'},respected,0.1111111111111111,0.6666666666666666,0.0,0.6666666666666666,0.5555555555555556,{'property': 'timeless'},timeless,0.3333333333333333,0.7777777777777778,0.0,0.7777777777777778,0.4444444444444445,{'property': 'conventional'},conventional,0.0,0.8888888888888888,0.2222222222222222,0.8888888888888888,0.8888888888888888,0.13333333333333333,0.0,0.711111111111111,0.8888888888888888,0.5777777777777777,0.8888888888888888,{'property': 'respected'},respected,0.1111111111111111,0.6666666666666666,0.0,0.6666666666666666,0.5555555555555556,{'property': 'conventional'},conventional,0.0,0.8888888888888888,0.3333333333333333,0.8888888888888888,0.8888888888888888,{'property': 'respected'},respected,0.2222222222222222,0.6666666666666666,0.0,0.6666666666666666,0.4444444444444444,{'property': 'timeless'},timeless,0.3333333333333333,0.7777777777777778,0.0,0.7777777777777778,0.4444444444444445,{'property': 'respectful'},respectful,0.0,0.5555555555555556,0.0,0.5555555555555556,0.5555555555555556,0.13333333333333333,0.0,0.711111111111111,0.8888888888888888,0.5777777777777778,0.8888888888888888
This rig is about as comfortable as a hair shirt.,a hair shirt,shirt,hair,cotton,canceled,"(canceled, canceled, canceled)","(2, 1, 1)","(5, 5, 5)","(1, 1, 1)",0.5555555555555556,0.0,0.5555555555555556,,False,0.0,0.5555555555555556,"['{""property"": ""comfortable""}', '{""property"": ""comfortable""}', '{""property"": ""comfortable""}', '{""property"": ""comfortable""}', '{""property"": ""comfortable""}']","['{""property"": ""comfortable""}', '{""property"": ""comfortable""}', '{""property"": ""comfortable""}', '{""property"": ""comfortable""}', '{""property"": ""comfortable""}']","['{""property"": ""comfortable""}', '{""property"": ""comfortable""}', '{""property"": ""comfortable""}', '{""property"": ""comfortable""}', '{""property"": ""comfortable""}']",{'property': 'comfortable'},comfortable,0.0,0.5555555555555556,0.3333333333333333,0.5555555555555556,0.5555555555555556,{'property': 'comfortable'},comfortable,0.0,0.5555555555555556,0.3333333333333333,0.5555555555555556,0.5555555555555556,{'property': 'comfortable'},comfortable,0.0,0.5555555555555556,0.3333333333333333,0.5555555555555556,0.5555555555555556,{'property': 'comfortable'},comfortable,0.0,0.5555555555555556,0.3333333333333333,0.5555555555555556,0.5555555555555556,{'property': 'comfortable'},comfortable,0.0,0.5555555555555556,0.3333333333333333,0.5555555555555556,0.5555555555555556,0.0,0.0,0.5555555555555556,0.5555555555555556,0.5555555555555556,0.5555555555555556,{'property': 'comfortable'},comfortable,0.0,0.5555555555555556,0.3333333333333333,0.5555555555555556,0.5555555555555556,{'property': 'comfortable'},comfortable,0.0,0.5555555555555556,0.3333333333333333,0.5555555555555556,0.5555555555555556,{'property': 'comfortable'},comfortable,0.0,0.5555555555555556,0.3333333333333333,0.5555555555555556,0.5555555555555556,{'property': 'comfortable'},comfortable,0.0,0.5555555555555556,0.3333333333333333,0.5555555555555556,0.5555555555555556,{'property': 'comfortable'},comfortable,0.0,0.5555555555555556,0.3333333333333333,0.5555555555555556,0.5555555555555556,0.0,0.0,0.5555555555555556,0.5555555555555556,0.5555555555555556,0.5555555555555556,{'property': 'comfortable'},comfortable,0.0,0.5555555555555556,0.3333333333333333,0.5555555555555556,0.5555555555555556,{'property': 'comfortable'},comfortable,0.0,0.5555555555555556,0.3333333333333333,0.5555555555555556,0.5555555555555556,{'property': 'comfortable'},comfortable,0.0,0.5555555555555556,0.3333333333333333,0.5555555555555556,0.5555555555555556,{'property': 'comfortable'},comfortable,0.0,0.5555555555555556,0.3333333333333333,0.5555555555555556,0.5555555555555556,{'property': 'comfortable'},comfortable,0.0,0.5555555555555556,0.3333333333333333,0.5555555555555556,0.5555555555555556,0.0,0.0,0.5555555555555556,0.5555555555555556,0.5555555555555556,0.5555555555555556
"Straight leg was about as skinny as men's jeans got back then, and if you wore straight leg jeans people would make fun of you as if you were dressed like Steve Urkel.",men's jeans,jean,man,curious,canceled,"(canceled, others, canceled)","(1, 1, 1)","(1, 1, 1)","(3, 2, 1)",0.5555555555555556,0.0,0.3333333333333333,0.922222222,False,0.5555555555555556,0.5555555555555556,"['{""property"": ""formal""}', '{""property"": ""formal""}', '{""property"": ""maternity""}', '{""property"": ""feminine""}', '{""property"": ""feminine""}']","['{""property"": ""maternity""}', '{""property"": ""tight""}', '{""property"": ""feminine""}', '{""property"": ""feminine""}', '{""property"": ""maternity""}']","['{""property"": ""maternity""}', '{""property"": ""formal""}', '{""property"": ""maternity""}', '{""property"": ""feminine""}', '{""property"": ""maternity""}']",{'property': 'formal'},formal,0.1111111111111111,0.1111111111111111,0.3333333333333333,0.3333333333333333,0.2222222222222222,{'property': 'formal'},formal,0.1111111111111111,0.1111111111111111,0.3333333333333333,0.3333333333333333,0.2222222222222222,{'property': 'maternity'},maternity,0.0,0.0,0.0,0.0,0.0,{'property': 'feminine'},feminine,0.0,0.3333333333333333,0.0,0.3333333333333333,0.3333333333333333,{'property': 'feminine'},feminine,0.1111111111111111,0.3333333333333333,0.0,0.3333333333333333,0.2222222222222222,0.06666666666666667,0.0,0.26666666666666666,0.3333333333333333,0.19999999999999998,0.3333333333333333,{'property': 'maternity'},maternity,0.0,0.0,0.0,0.0,0.0,{'property': 'tight'},tight,0.3333333333333333,0.5555555555555556,0.0,0.5555555555555556,0.2222222222222222,{'property': 'feminine'},feminine,0.1111111111111111,0.3333333333333333,0.0,0.3333333333333333,0.2222222222222222,{'property': 'feminine'},feminine,0.1111111111111111,0.3333333333333333,0.0,0.3333333333333333,0.2222222222222222,{'property': 'maternity'},maternity,0.0,0.0,0.0,0.0,0.0,0.11111111111111112,0.0,0.2444444444444444,0.5555555555555556,0.13333333333333333,0.2222222222222222,{'property': 'maternity'},maternity,0.0,0.0,0.0,0.0,0.0,{'property': 'formal'},formal,0.1111111111111111,0.1111111111111111,0.3333333333333333,0.3333333333333333,0.2222222222222222,{'property': 'maternity'},maternity,0.0,0.0,0.0,0.0,0.0,{'property': 'feminine'},feminine,0.0,0.3333333333333333,0.0,0.3333333333333333,0.3333333333333333,{'property': 'maternity'},maternity,0.0,0.0,0.0,0.0,0.0,0.02222222222222222,0.0,0.13333333333333333,0.3333333333333333,0.11111111111111112,0.3333333333333333
The reaction times of these mechanical systems are as short as the water extinguishing.,the water extinguishing,water,extinguishing,solvent,canceled,"(canceled, canceled, canceled)","(2, 2, 2)","(5, 5, 5)","(1, 1, 1)",0.6666666666666667,0.3333333333333333,1.0,,False,0.0,1.0,"['{""property"": ""flammable""}', '{""property"": ""flammable""}', '{""property"": ""flammable""}', '{""property"": ""flammable""}', '{""property"": ""flammable""}']","['{""property"": ""flammable""}', '{""property"": ""potable""}', '{""property"": ""flammable""}', '{""property"": ""flammable""}', '{""property"": ""flammable""}']","['{""property"": ""flammable""}', '{""property"": ""flammable""}', '{""property"": ""flammable""}', '{""property"": ""flammable""}', '{""property"": ""flammable""}']",{'property': 'flammable'},flammable,0.0,0.0,0.0,0.0,0.0,{'property': 'flammable'},flammable,0.0,0.0,0.0,0.0,0.0,{'property': 'flammable'},flammable,0.0,0.0,0.0,0.0,0.0,{'property': 'flammable'},flammable,0.0,0.0,0.0,0.0,0.0,{'property': 'flammable'},flammable,0.0,0.0,0.0,0.0,0.0,0.0,0.0,0.0,0.0,0.0,0.0,{'property': 'flammable'},flammable,0.0,0.0,0.0,0.0,0.0,{'property': 'potable'},potable,0.0,0.5555555555555556,0.0,0.5555555555555556,0.5555555555555556,{'property': 'flammable'},flammable,0.0,0.0,0.0,0.0,0.0,{'property': 'flammable'},flammable,0.0,0.0,0.0,0.0,0.0,{'property': 'flammable'},flammable,0.0,0.0,0.0,0.0,0.0,0.0,0.0,0.11111111111111112,0.5555555555555556,0.11111111111111112,0.5555555555555556,{'property': 'flammable'},flammable,0.0,0.0,0.0,0.0,0.0,{'property': 'flammable'},flammable,0.0,0.0,0.0,0.0,0.0,{'property': 'flammable'},flammable,0.0,0.0,0.0,0.0,0.0,{'property': 'flammable'},flammable,0.0,0.0,0.0,0.0,0.0,{'property': 'flammable'},flammable,0.0,0.0,0.0,0.0,0.0,0.0,0.0,0.0,0.0,0.0,0.0
I spent years on studying traditional and digital graphics yet clients are always surprised when I tell them that digital design is as expensive as a traditional print.,a traditional print,print,traditional,reflective,canceled,"(canceled, others, canceled)","(1, 2, 1)","(2, 2, 3)","(1, 1, 1)",0.5555555555555556,0.0,0.0,0.544444444,False,0.5555555555555556,0.5555555555555556,"['{""property"": ""modern""}', '{""property"": ""electronic""}', '{""property"": ""electronic""}', '{""property"": ""modern""}', '{""property"": ""digital""}']","['{""property"": ""digitized""}', '{""property"": ""digital""}', '{""property"": ""interactive""}', '{""property"": ""interactive""}', '{""property"": ""digital""}']","['{""property"": ""electronic""}', '{""property"": ""modern""}', '{""property"": ""digital""}', '{""property"": ""digital""}', '{""property"": ""modern""}']",{'property': 'modern'},modern,0.0,0.3333333333333333,0.0,0.3333333333333333,0.3333333333333333,{'property': 'electronic'},electronic,0.0,0.0,0.0,0.0,0.0,{'property': 'electronic'},electronic,0.0,0.0,0.0,0.0,0.0,{'property': 'modern'},modern,0.0,0.3333333333333333,0.0,0.3333333333333333,0.3333333333333333,{'property': 'digital'},digital,0.0,0.0,0.0,0.0,0.0,0.0,0.0,0.13333333333333333,0.3333333333333333,0.13333333333333333,0.3333333333333333,{'property': 'digitized'},digitized,0.0,0.3333333333333333,0.1111111111111111,0.3333333333333333,0.3333333333333333,{'property': 'digital'},digital,0.0,0.0,0.0,0.0,0.0,{'property': 'interactive'},interactive,0.0,0.2222222222222222,0.2222222222222222,0.2222222222222222,0.2222222222222222,{'property': 'interactive'},interactive,0.0,0.1111111111111111,0.2222222222222222,0.2222222222222222,0.2222222222222222,{'property': 'digital'},digital,0.0,0.1111111111111111,0.0,0.1111111111111111,0.1111111111111111,0.0,0.0,0.17777777777777776,0.3333333333333333,0.17777777777777776,0.3333333333333333,{'property': 'electronic'},electronic,0.0,0.0,0.0,0.0,0.0,{'property': 'modern'},modern,0.0,0.2222222222222222,0.0,0.2222222222222222,0.2222222222222222,{'property': 'digital'},digital,0.0,0.0,0.0,0.0,0.0,{'property': 'digital'},digital,0.0,0.1111111111111111,0.0,0.1111111111111111,0.1111111111111111,{'property': 'modern'},modern,0.0,0.3333333333333333,0.0,0.3333333333333333,0.3333333333333333,0.0,0.0,0.13333333333333333,0.3333333333333333,0.13333333333333333,0.3333333333333333
for days she was running around like a chicken without a head . '',a chicken without a head,chicken,head,cerebral,canceled,"(canceled, canceled, canceled)","(4, 1, 5)","(3, 1, 3)","(4, 5, 4)",0.8888888888888888,0.0,0.1111111111111111,1.0,False,0.8888888888888888,0.8888888888888888,"['{""property"": ""able to peck""}', '{""property"": ""able to eat""}', '{""property"": ""able to peck""}', '{""property"": ""edible""}', '{""property"": ""able to peck""}']","['{""property"": ""able to peck""}', '{""property"": ""edible""}', '{""property"": ""able to see""}', '{""property"": ""able to peck""}', '{""property"": ""edible""}']","['{""property"": ""able to peck""}', '{""property"": ""able to fly""}', '{""property"": ""edible""}', '{""property"": ""able to eat""}', '{""property"": ""able to peck""}']",{'property': 'able to peck'},able to peck,0.0,0.8888888888888888,0.0,0.8888888888888888,0.8888888888888888,{'property': 'able to eat'},able to eat,0.0,1.0,0.3333333333333333,1.0,1.0,{'property': 'able to peck'},able to peck,0.0,0.8888888888888888,0.3333333333333333,0.8888888888888888,0.8888888888888888,{'property': 'edible'},edible,0.8888888888888888,0.8888888888888888,0.1111111111111111,0.8888888888888888,0.0,{'property': 'able to peck'},able to peck,0.0,1.0,0.0,1.0,1.0,0.17777777777777776,0.0,0.9333333333333332,1.0,0.7555555555555555,1.0,{'property': 'able to peck'},able to peck,0.0,0.8888888888888888,0.3333333333333333,0.8888888888888888,0.8888888888888888,{'property': 'edible'},edible,0.8888888888888888,1.0,0.2222222222222222,1.0,0.1111111111111111,{'property': 'able to see'},able to see,0.0,0.8888888888888888,0.3333333333333333,0.8888888888888888,0.8888888888888888,{'property': 'able to peck'},able to peck,0.0,0.8888888888888888,0.0,0.8888888888888888,0.8888888888888888,{'property': 'edible'},edible,0.8888888888888888,1.0,0.1111111111111111,1.0,0.1111111111111111,0.3555555555555555,0.0,0.9333333333333332,1.0,0.5777777777777777,0.8888888888888888,{'property': 'able to peck'},able to peck,0.0,1.0,0.3333333333333333,1.0,1.0,{'property': 'able to fly'},able to fly,0.0,0.2222222222222222,0.0,0.2222222222222222,0.2222222222222222,{'property': 'edible'},edible,0.8888888888888888,0.8888888888888888,0.2222222222222222,0.8888888888888888,0.0,{'property': 'able to eat'},able to eat,0.0,1.0,0.0,1.0,1.0,{'property': 'able to peck'},able to peck,0.0,0.8888888888888888,0.0,0.8888888888888888,0.8888888888888888,0.17777777777777776,0.0,0.8,1.0,0.6222222222222222,1.0
But your respected mother tells us that even among the immigrants drunkards are as rare as white ravens.,white ravens,ravens,white,black,canceled,"(canceled, canceled, canceled)","(2, 1, 2)","(5, 5, 5)","(1, 1, 1)",1.0,0.0,1.0,,False,0.0,1.0,"['{""property"": ""black""}', '{""property"": ""black""}', '{""property"": ""common""}', '{""property"": ""black""}', '{""property"": ""black""}']","['{""property"": ""black""}', '{""property"": ""black""}', '{""property"": ""black""}', '{""property"": ""black""}', '{""property"": ""common""}']","['{""property"": ""black""}', '{""property"": ""common""}', '{""property"": ""black""}', '{""property"": ""black""}', '{""property"": ""common""}']",{'property': 'black'},black,0.0,1.0,0.0,1.0,1.0,{'property': 'black'},black,0.0,1.0,0.0,1.0,1.0,{'property': 'common'},common,0.0,0.6666666666666666,0.7777777777777778,0.7777777777777778,0.7777777777777778,{'property': 'black'},black,0.0,0.8888888888888888,0.0,0.8888888888888888,0.8888888888888888,{'property': 'black'},black,0.0,0.8888888888888888,0.0,0.8888888888888888,0.8888888888888888,0.0,0.0,0.9111111111111111,1.0,0.9111111111111111,1.0,{'property': 'black'},black,0.0,1.0,0.0,1.0,1.0,{'property': 'black'},black,0.0,0.8888888888888888,0.0,0.8888888888888888,0.8888888888888888,{'property': 'black'},black,0.0,0.8888888888888888,0.0,0.8888888888888888,0.8888888888888888,{'property': 'black'},black,0.0,0.8888888888888888,0.0,0.8888888888888888,0.8888888888888888,{'property': 'common'},common,0.0,0.5555555555555556,0.7777777777777778,0.7777777777777778,0.7777777777777778,0.0,0.0,0.888888888888889,1.0,0.888888888888889,1.0,{'property': 'black'},black,0.0,1.0,0.0,1.0,1.0,{'property': 'common'},common,0.0,0.6666666666666666,0.5555555555555556,0.6666666666666666,0.6666666666666666,{'property': 'black'},black,0.0,1.0,0.0,1.0,1.0,{'property': 'black'},black,0.0,1.0,0.0,1.0,1.0,{'property': 'common'},common,0.0,0.6666666666666666,0.7777777777777778,0.7777777777777778,0.7777777777777778,0.0,0.0,0.888888888888889,1.0,0.888888888888889,1.0
,a fish on land,fish,land,Swim,canceled,"(canceled, canceled, canceled)","(1, 1, 1)","(5, 5, 5)","(1, 1, 1)",1.0,0.0,1.0,,False,0.0,1.0,"['{""property"": ""buoyant""}', '{""property"": ""breathable""}', '{""property"": ""breathes underwater""}', '{""property"": ""buoyant""}', '{""property"": ""breathable""}']","['{""property"": ""buoyant""}', '{""property"": ""breathable""}', '{""property"": ""buoyant""}', '{""property"": ""buoyant""}', '{""property"": ""breathable""}']","['{""property"": ""buoyant""}', '{""property"": ""buoyant""}', '{""property"": ""breathable""}', '{""property"": ""buoyant""}', '{""property"": ""breathable""}']",{'property': 'buoyant'},buoyant,0.0,0.8888888888888888,0.0,0.8888888888888888,0.8888888888888888,{'property': 'breathable'},breathable,0.0,0.0,0.0,0.0,0.0,{'property': 'breathes underwater'},breathes underwater,0.0,1.0,0.0,1.0,1.0,{'property': 'buoyant'},buoyant,0.0,0.8888888888888888,0.0,0.8888888888888888,0.8888888888888888,{'property': 'breathable'},breathable,0.0,0.0,0.0,0.0,0.0,0.0,0.0,0.5555555555555556,1.0,0.5555555555555556,1.0,{'property': 'buoyant'},buoyant,0.0,0.8888888888888888,0.0,0.8888888888888888,0.8888888888888888,{'property': 'breathable'},breathable,0.0,0.0,0.0,0.0,0.0,{'property': 'buoyant'},buoyant,0.0,0.8888888888888888,0.0,0.8888888888888888,0.8888888888888888,{'property': 'buoyant'},buoyant,0.0,0.8888888888888888,0.0,0.8888888888888888,0.8888888888888888,{'property': 'breathable'},breathable,0.0,0.0,0.0,0.0,0.0,0.0,0.0,0.5333333333333333,0.8888888888888888,0.5333333333333333,0.8888888888888888,{'property': 'buoyant'},buoyant,0.0,0.8888888888888888,0.0,0.8888888888888888,0.8888888888888888,{'property': 'buoyant'},buoyant,0.0,0.8888888888888888,0.0,0.8888888888888888,0.8888888888888888,{'property': 'breathable'},breathable,0.0,0.0,0.0,0.0,0.0,{'property': 'buoyant'},buoyant,0.0,0.8888888888888888,0.0,0.8888888888888888,0.8888888888888888,{'property': 'breathable'},breathable,0.0,0.0,0.0,0.0,0.0,0.0,0.0,0.5333333333333333,0.8888888888888888,0.5333333333333333,0.8888888888888888
"But then you are to go around like a wet cat, and mope, and hang on worse then ever.",a wet cat,cat,wet,quietly,canceled,"(canceled, canceled, component)","(1, 2, 2)","(2, 3, 1)","(1, 1, 1)",0.5555555555555556,0.0,0.5555555555555556,0.0,False,0.0,0.5555555555555556,"['{""property"": ""cuddly""}', '{""property"": ""cuddly""}', '{""property"": ""cuddly""}', '{""property"": ""cuddly""}', '{""property"": ""cuddly""}']","['{""property"": ""cuddly""}', '{""property"": ""cuddly""}', '{""property"": ""cuddly""}', '{""property"": ""cuddly""}', '{""property"": ""cuddly""}']","['{""property"": ""fluffy""}', '{""property"": ""cuddly""}', '{""property"": ""cuddly""}', '{""property"": ""fluffy""}', '{""property"": ""cuddly""}']",{'property': 'cuddly'},cuddly,0.2222222222222222,0.6666666666666666,0.0,0.6666666666666666,0.4444444444444444,{'property': 'cuddly'},cuddly,0.2222222222222222,0.6666666666666666,0.0,0.6666666666666666,0.4444444444444444,{'property': 'cuddly'},cuddly,0.2222222222222222,0.6666666666666666,0.0,0.6666666666666666,0.4444444444444444,{'property': 'cuddly'},cuddly,0.2222222222222222,0.6666666666666666,0.0,0.6666666666666666,0.4444444444444444,{'property': 'cuddly'},cuddly,0.1111111111111111,0.6666666666666666,0.0,0.6666666666666666,0.5555555555555556,0.2,0.1111111111111111,0.6666666666666666,0.6666666666666666,0.4666666666666666,0.5555555555555556,{'property': 'cuddly'},cuddly,0.1111111111111111,0.6666666666666666,0.1111111111111111,0.6666666666666666,0.5555555555555556,{'property': 'cuddly'},cuddly,0.1111111111111111,0.6666666666666666,0.0,0.6666666666666666,0.5555555555555556,{'property': 'cuddly'},cuddly,0.2222222222222222,0.6666666666666666,0.1111111111111111,0.6666666666666666,0.4444444444444444,{'property': 'cuddly'},cuddly,0.2222222222222222,0.6666666666666666,0.1111111111111111,0.6666666666666666,0.4444444444444444,{'property': 'cuddly'},cuddly,0.2222222222222222,0.6666666666666666,0.0,0.6666666666666666,0.4444444444444444,0.17777777777777776,0.1111111111111111,0.6666666666666666,0.6666666666666666,0.48888888888888893,0.5555555555555556,{'property': 'fluffy'},fluffy,0.1111111111111111,0.7777777777777778,0.0,0.7777777777777778,0.6666666666666667,{'property': 'cuddly'},cuddly,0.1111111111111111,0.6666666666666666,0.0,0.6666666666666666,0.5555555555555556,{'property': 'cuddly'},cuddly,0.2222222222222222,0.6666666666666666,0.0,0.6666666666666666,0.4444444444444444,{'property': 'fluffy'},fluffy,0.1111111111111111,0.7777777777777778,0.0,0.7777777777777778,0.6666666666666667,{'property': 'cuddly'},cuddly,0.1111111111111111,0.6666666666666666,0.0,0.6666666666666666,0.5555555555555556,0.13333333333333336,0.1111111111111111,0.711111111111111,0.7777777777777778,0.5777777777777778,0.6666666666666667
"James extended a thin, crooked finger, oddly like the beckoning of a skeleton, and passed through the doorway of his bedroom.",the beckoning of a skeleton,beckoning,skeleton,fragile,canceled,"(component, canceled, canceled)","(3, 2, 1)","(1, 1, 1)","(4, 4, 4)",0.4444444444444445,0.3333333333333333,0.0,1.0,False,0.7777777777777778,0.7777777777777778,"['{""property"": ""life-giving""}', '{""property"": ""warm""}', '{""property"": ""warm""}', '{""property"": ""warm""}', '{""property"": ""trustworthy""}']","['{""property"": ""friendly""}', '{""property"": ""inviting""}', '{""property"": ""inviting""}', '{""property"": ""inviting""}', '{""property"": ""warm""}']","['{""property"": ""inviting""}', '{""property"": ""warm""}', '{""property"": ""inviting""}', '{""property"": ""inviting""}', '{""property"": ""alive""}']",{'property': 'life-giving'},life-giving,0.0,0.0,0.0,0.0,0.0,{'property': 'warm'},warm,0.0,0.5555555555555556,0.0,0.5555555555555556,0.5555555555555556,{'property': 'warm'},warm,0.0,0.5555555555555556,0.0,0.5555555555555556,0.5555555555555556,{'property': 'warm'},warm,0.0,0.5555555555555556,0.0,0.5555555555555556,0.5555555555555556,{'property': 'trustworthy'},trustworthy,0.0,0.3333333333333333,0.0,0.3333333333333333,0.3333333333333333,0.0,0.0,0.4,0.5555555555555556,0.4,0.5555555555555556,{'property': 'friendly'},friendly,0.1111111111111111,0.7777777777777778,0.1111111111111111,0.7777777777777778,0.6666666666666667,{'property': 'inviting'},inviting,0.2222222222222222,0.8888888888888888,0.0,0.8888888888888888,0.6666666666666666,{'property': 'inviting'},inviting,0.2222222222222222,0.8888888888888888,0.0,0.8888888888888888,0.6666666666666666,{'property': 'inviting'},inviting,0.1111111111111111,0.8888888888888888,0.0,0.8888888888888888,0.7777777777777777,{'property': 'warm'},warm,0.0,0.5555555555555556,0.0,0.5555555555555556,0.5555555555555556,0.13333333333333336,0.0,0.8,0.8888888888888888,0.6666666666666666,0.7777777777777777,{'property': 'inviting'},inviting,0.2222222222222222,0.8888888888888888,0.0,0.8888888888888888,0.6666666666666666,{'property': 'warm'},warm,0.0,0.5555555555555556,0.0,0.5555555555555556,0.5555555555555556,{'property': 'inviting'},inviting,0.2222222222222222,0.8888888888888888,0.0,0.8888888888888888,0.6666666666666666,{'property': 'inviting'},inviting,0.2222222222222222,0.8888888888888888,0.0,0.8888888888888888,0.6666666666666666,{'property': 'alive'},alive,0.0,0.3333333333333333,0.0,0.3333333333333333,0.3333333333333333,0.13333333333333333,0.0,0.711111111111111,0.8888888888888888,0.5777777777777777,0.6666666666666666
"almost there , just like a hundred flights of stairs , tomas said .",a hundred flights of stairs,flight,stair,natural,canceled,"(canceled, canceled, others)","(1, 1, 1)","(2, 2, 1)","(1, 2, 1)",0.5555555555555556,0.0,0.5555555555555556,0.022222222,False,0.0,0.5555555555555556,"['{""property"": ""climbable""}', '{""property"": ""safe""}', '{""property"": ""walkable""}', '{""property"": ""easily climbable""}', '{""property"": ""inviting""}']","['{""property"": ""reasonable""}', '{""property"": ""common""}', '{""property"": ""easy to climb""}', '{""property"": ""climbable""}', '{""property"": ""walkable""}']","['{""property"": ""safe""}', '{""property"": ""inviting""}', '{""property"": ""walkable""}', '{""property"": ""easy to climb""}', '{""property"": ""climbable""}']",{'property': 'climbable'},climbable,0.8888888888888888,0.0,1.0,1.0,0.1111111111111111,{'property': 'safe'},safe,0.3333333333333333,0.5555555555555556,0.5555555555555556,0.5555555555555556,0.2222222222222222,{'property': 'walkable'},walkable,0.5555555555555556,0.0,0.8888888888888888,0.8888888888888888,0.3333333333333332,{'property': 'easily climbable'},easily climbable,0.0,0.0,0.7777777777777778,0.7777777777777778,0.7777777777777778,{'property': 'inviting'},inviting,0.1111111111111111,0.3333333333333333,0.3333333333333333,0.3333333333333333,0.2222222222222222,0.37777777777777777,0.0,0.7111111111111111,1.0,0.3333333333333333,0.7777777777777778,{'property': 'reasonable'},reasonable,0.1111111111111111,0.5555555555555556,0.3333333333333333,0.5555555555555556,0.4444444444444445,{'property': 'common'},common,0.2222222222222222,0.3333333333333333,0.7777777777777778,0.7777777777777778,0.5555555555555556,{'property': 'easy to climb'},easy to climb,0.0,0.0,0.6666666666666666,0.6666666666666666,0.6666666666666666,{'property': 'climbable'},climbable,0.7777777777777778,0.0,1.0,1.0,0.2222222222222222,{'property': 'walkable'},walkable,0.5555555555555556,0.0,0.8888888888888888,0.8888888888888888,0.3333333333333332,0.33333333333333337,0.0,0.7777777777777778,1.0,0.44444444444444436,0.6666666666666666,{'property': 'safe'},safe,0.3333333333333333,0.3333333333333333,0.5555555555555556,0.5555555555555556,0.2222222222222222,{'property': 'inviting'},inviting,0.1111111111111111,0.3333333333333333,0.3333333333333333,0.3333333333333333,0.2222222222222222,{'property': 'walkable'},walkable,0.5555555555555556,0.0,0.8888888888888888,0.8888888888888888,0.3333333333333332,{'property': 'easy to climb'},easy to climb,0.0,0.0,0.7777777777777778,0.7777777777777778,0.7777777777777778,{'property': 'climbable'},climbable,0.7777777777777778,0.0,1.0,1.0,0.2222222222222222,0.3555555555555555,0.0,0.711111111111111,1.0,0.3555555555555555,0.7777777777777778
"I mean, they go together like a horse and buggy.",a horse and buggy,horse,buggy,fast,canceled,"(canceled, canceled, canceled)","(2, 3, 3)","(4, 5, 4)","(1, 2, 2)",0.5555555555555556,0.1111111111111111,0.6666666666666666,0.122222222,False,0.1111111111111111,0.6666666666666666,"['{""property"": ""fast""}', '{""property"": ""fast""}', '{""property"": ""fast""}', '{""property"": ""fast""}', '{""property"": ""fast""}']","['{""property"": ""fast""}', '{""property"": ""fast""}', '{""property"": ""fast""}', '{""property"": ""fast""}', '{""property"": ""fast""}']","['{""property"": ""fast""}', '{""property"": ""fast""}', '{""property"": ""fast""}', '{""property"": ""fast""}', '{""property"": ""fast""}']",{'property': 'fast'},fast,0.1111111111111111,0.6666666666666666,0.1111111111111111,0.6666666666666666,0.5555555555555556,{'property': 'fast'},fast,0.1111111111111111,0.6666666666666666,0.1111111111111111,0.6666666666666666,0.5555555555555556,{'property': 'fast'},fast,0.1111111111111111,0.7777777777777778,0.1111111111111111,0.7777777777777778,0.6666666666666667,{'property': 'fast'},fast,0.1111111111111111,0.6666666666666666,0.1111111111111111,0.6666666666666666,0.5555555555555556,{'property': 'fast'},fast,0.1111111111111111,0.6666666666666666,0.1111111111111111,0.6666666666666666,0.5555555555555556,0.11111111111111112,0.1111111111111111,0.6888888888888889,0.7777777777777778,0.5777777777777778,0.6666666666666667,{'property': 'fast'},fast,0.1111111111111111,0.6666666666666666,0.1111111111111111,0.6666666666666666,0.5555555555555556,{'property': 'fast'},fast,0.1111111111111111,0.6666666666666666,0.1111111111111111,0.6666666666666666,0.5555555555555556,{'property': 'fast'},fast,0.1111111111111111,0.6666666666666666,0.1111111111111111,0.6666666666666666,0.5555555555555556,{'property': 'fast'},fast,0.1111111111111111,0.7777777777777778,0.1111111111111111,0.7777777777777778,0.6666666666666667,{'property': 'fast'},fast,0.1111111111111111,0.7777777777777778,0.1111111111111111,0.7777777777777778,0.6666666666666667,0.11111111111111112,0.1111111111111111,0.711111111111111,0.7777777777777778,0.6,0.6666666666666667,{'property': 'fast'},fast,0.1111111111111111,0.7777777777777778,0.1111111111111111,0.7777777777777778,0.6666666666666667,{'property': 'fast'},fast,0.1111111111111111,0.6666666666666666,0.1111111111111111,0.6666666666666666,0.5555555555555556,{'property': 'fast'},fast,0.1111111111111111,0.6666666666666666,0.1111111111111111,0.6666666666666666,0.5555555555555556,{'property': 'fast'},fast,0.1111111111111111,0.7777777777777778,0.1111111111111111,0.7777777777777778,0.6666666666666667,{'property': 'fast'},fast,0.1111111111111111,0.7777777777777778,0.1111111111111111,0.7777777777777778,0.6666666666666667,0.11111111111111112,0.1111111111111111,0.7333333333333333,0.7777777777777778,0.6222222222222223,0.6666666666666667
"The husks from the nuts are braided and woven into a strong, thin rope as thick as a cod line.",a cod line,line,cod,no thickness,canceled,"(canceled, component, canceled)","(2, 2, 2)","(4, 4, 3)","(1, 1, 1)",0.7777777777777778,0.2222222222222222,1.0,,False,0.3333333333333333,1.0,"['{""property"": ""delicious""}', '{""property"": ""edible""}', '{""property"": ""living""}', '{""property"": ""delicious""}', '{""property"": ""edible""}']","['{""property"": ""warm""}', '{""property"": ""edible""}', '{""property"": ""delicious""}', '{""property"": ""short""}', '{""property"": ""alive""}']","['{""property"": ""edible""}', '{""property"": ""delicious""}', '{""property"": ""warm""}', '{""property"": ""living""}', '{""property"": ""sharp""}']",{'property': 'delicious'},delicious,0.0,0.0,0.6666666666666666,0.6666666666666666,0.6666666666666666,{'property': 'edible'},edible,0.0,0.0,1.0,1.0,1.0,{'property': 'living'},living,0.0,0.0,0.8888888888888888,0.8888888888888888,0.8888888888888888,{'property': 'delicious'},delicious,0.1111111111111111,0.0,0.6666666666666666,0.6666666666666666,0.5555555555555556,{'property': 'edible'},edible,0.0,0.0,0.8888888888888888,0.8888888888888888,0.8888888888888888,0.02222222222222222,0.0,0.8222222222222222,1.0,0.7999999999999999,1.0,{'property': 'warm'},warm,0.0,0.0,0.0,0.0,0.0,{'property': 'edible'},edible,0.0,0.0,0.8888888888888888,0.8888888888888888,0.8888888888888888,{'property': 'delicious'},delicious,0.0,0.0,0.6666666666666666,0.6666666666666666,0.6666666666666666,{'property': 'short'},short,0.3333333333333333,0.3333333333333333,0.3333333333333333,0.3333333333333333,0.0,{'property': 'alive'},alive,0.0,0.0,0.5555555555555556,0.5555555555555556,0.5555555555555556,0.06666666666666667,0.0,0.4888888888888888,0.8888888888888888,0.42222222222222217,0.8888888888888888,{'property': 'edible'},edible,0.0,0.0,1.0,1.0,1.0,{'property': 'delicious'},delicious,0.0,0.0,0.6666666666666666,0.6666666666666666,0.6666666666666666,{'property': 'warm'},warm,0.0,0.0,0.0,0.0,0.0,{'property': 'living'},living,0.0,0.0,0.8888888888888888,0.8888888888888888,0.8888888888888888,{'property': 'sharp'},sharp,0.0,0.3333333333333333,0.0,0.3333333333333333,0.3333333333333333,0.0,0.0,0.5777777777777777,1.0,0.5777777777777777,1.0
"As compared with the calm uniformity of nature, his life is a mere phantasy, passing for ever through a tedious and limited range of forms, each of which is as unsubstantial as the fabric of a vision, many of which are as base and sordid as they are unreal, and all of which, for ever in a flux, elude the grasp of those who pursue them, or disappoint those who hold them in their hands.",the fabric of a vision,fabric,vision,weave,canceled,"(canceled, canceled, canceled)","(4, 1, 3)","(3, 5, 3)","(4, 1, 4)",0.6666666666666667,0.3333333333333333,1.0,0.0,False,0.0,1.0,"['{""property"": ""tangible""}', '{""property"": ""tangible""}', '{""property"": ""tangible""}', '{""property"": ""tangible""}', '{""property"": ""tangible""}']","['{""property"": ""tangible""}', '{""property"": ""tangible""}', '{""property"": ""tangible""}', '{""property"": ""tangible""}', '{""property"": ""tangible""}']","['{""property"": ""tangible""}', '{""property"": ""tangible""}', '{""property"": ""tangible""}', '{""property"": ""tangible""}', '{""property"": ""tangible""}']",{'property': 'tangible'},tangible,0.0,1.0,0.0,1.0,1.0,{'property': 'tangible'},tangible,0.0,1.0,0.0,1.0,1.0,{'property': 'tangible'},tangible,0.0,1.0,0.0,1.0,1.0,{'property': 'tangible'},tangible,0.0,1.0,0.0,1.0,1.0,{'property': 'tangible'},tangible,0.0,1.0,0.0,1.0,1.0,0.0,0.0,1.0,1.0,1.0,1.0,{'property': 'tangible'},tangible,0.0,1.0,0.0,1.0,1.0,{'property': 'tangible'},tangible,0.0,1.0,0.0,1.0,1.0,{'property': 'tangible'},tangible,0.0,1.0,0.0,1.0,1.0,{'property': 'tangible'},tangible,0.0,1.0,0.0,1.0,1.0,{'property': 'tangible'},tangible,0.0,1.0,0.0,1.0,1.0,0.0,0.0,1.0,1.0,1.0,1.0,{'property': 'tangible'},tangible,0.0,1.0,0.0,1.0,1.0,{'property': 'tangible'},tangible,0.0,1.0,0.0,1.0,1.0,{'property': 'tangible'},tangible,0.0,1.0,0.0,1.0,1.0,{'property': 'tangible'},tangible,0.0,1.0,0.0,1.0,1.0,{'property': 'tangible'},tangible,0.0,1.0,0.0,1.0,1.0,0.0,0.0,1.0,1.0,1.0,1.0
"But I have known men talk as bravely, and whimper and tremble like flogged children five minutes later.",flogged children,child,flog,inquisitive,canceled,"(canceled, component, canceled)","(2, 5, 1)","(4, 5, 4)","(1, 1, 1)",0.8888888888888888,0.0,0.8888888888888888,0.277777778,True,0.3333333333333333,0.8888888888888888,"['{""property"": ""innocent""}', '{""property"": ""innocent""}', '{""property"": ""innocent""}', '{""property"": ""innocent""}', '{""property"": ""obedient""}']","['{""property"": ""innocent""}', '{""property"": ""innocent""}', '{""property"": ""innocent""}', '{""property"": ""innocent""}', '{""property"": ""innocent""}']","['{""property"": ""innocent""}', '{""property"": ""innocent""}', '{""property"": ""innocent""}', '{""property"": ""innocent""}', '{""property"": ""innocent""}']",{'property': 'innocent'},innocent,0.8888888888888888,0.7777777777777778,0.3333333333333333,0.7777777777777778,0.0,{'property': 'innocent'},innocent,0.8888888888888888,0.7777777777777778,0.3333333333333333,0.7777777777777778,0.0,{'property': 'innocent'},innocent,0.8888888888888888,0.7777777777777778,0.3333333333333333,0.7777777777777778,0.0,{'property': 'innocent'},innocent,0.7777777777777778,0.7777777777777778,0.3333333333333333,0.7777777777777778,0.0,{'property': 'obedient'},obedient,0.3333333333333333,0.3333333333333333,0.0,0.3333333333333333,0.0,0.7555555555555555,0.3333333333333333,0.6888888888888889,0.7777777777777778,0.0,0.0,{'property': 'innocent'},innocent,0.8888888888888888,0.7777777777777778,0.3333333333333333,0.7777777777777778,0.0,{'property': 'innocent'},innocent,0.8888888888888888,0.7777777777777778,0.3333333333333333,0.7777777777777778,0.0,{'property': 'innocent'},innocent,0.7777777777777778,0.7777777777777778,0.3333333333333333,0.7777777777777778,0.0,{'property': 'innocent'},innocent,0.7777777777777778,0.7777777777777778,0.3333333333333333,0.7777777777777778,0.0,{'property': 'innocent'},innocent,0.8888888888888888,0.7777777777777778,0.3333333333333333,0.7777777777777778,0.0,0.8444444444444443,0.7777777777777778,0.7777777777777778,0.7777777777777778,0.0,0.0,{'property': 'innocent'},innocent,0.7777777777777778,0.7777777777777778,0.3333333333333333,0.7777777777777778,0.0,{'property': 'innocent'},innocent,0.7777777777777778,0.7777777777777778,0.3333333333333333,0.7777777777777778,0.0,{'property': 'innocent'},innocent,0.7777777777777778,0.7777777777777778,0.3333333333333333,0.7777777777777778,0.0,{'property': 'innocent'},innocent,0.8888888888888888,0.7777777777777778,0.3333333333333333,0.7777777777777778,0.0,{'property': 'innocent'},innocent,0.7777777777777778,0.7777777777777778,0.3333333333333333,0.7777777777777778,0.0,0.8,0.7777777777777778,0.7777777777777778,0.7777777777777778,0.0,0.0
"I take one last look at the razor, then send it flying across the room, as casually as a bullet without a target.",a bullet without a target,bullet,target,specific,canceled,"(canceled, canceled, canceled)","(1, 1, 2)","(1, 2, 3)","(5, 3, 4)",0.7777777777777778,0.0,0.7777777777777778,0.9,False,0.7777777777777778,0.7777777777777778,"['{""property"": ""lethal""}', '{""property"": ""lethal""}', '{""property"": ""lethal""}', '{""property"": ""lethal""}', '{""property"": ""lethal""}']","['{""property"": ""lethal""}', '{""property"": ""lethal""}', '{""property"": ""lethal""}', '{""property"": ""deadly""}', '{""property"": ""lethal""}']","['{""property"": ""lethal""}', '{""property"": ""deadly""}', '{""property"": ""lethal""}', '{""property"": ""lethal""}', '{""property"": ""lethal""}']",{'property': 'lethal'},lethal,0.0,0.8888888888888888,0.0,0.8888888888888888,0.8888888888888888,{'property': 'lethal'},lethal,0.0,0.8888888888888888,0.0,0.8888888888888888,0.8888888888888888,{'property': 'lethal'},lethal,0.0,0.8888888888888888,0.0,0.8888888888888888,0.8888888888888888,{'property': 'lethal'},lethal,0.0,0.8888888888888888,0.0,0.8888888888888888,0.8888888888888888,{'property': 'lethal'},lethal,0.0,0.8888888888888888,0.0,0.8888888888888888,0.8888888888888888,0.0,0.0,0.888888888888889,0.8888888888888888,0.888888888888889,0.8888888888888888,{'property': 'lethal'},lethal,0.0,0.8888888888888888,0.0,0.8888888888888888,0.8888888888888888,{'property': 'lethal'},lethal,0.0,0.8888888888888888,0.0,0.8888888888888888,0.8888888888888888,{'property': 'lethal'},lethal,0.0,0.8888888888888888,0.0,0.8888888888888888,0.8888888888888888,{'property': 'deadly'},deadly,0.0,0.8888888888888888,0.0,0.8888888888888888,0.8888888888888888,{'property': 'lethal'},lethal,0.0,0.8888888888888888,0.0,0.8888888888888888,0.8888888888888888,0.0,0.0,0.888888888888889,0.8888888888888888,0.888888888888889,0.8888888888888888,{'property': 'lethal'},lethal,0.0,0.8888888888888888,0.0,0.8888888888888888,0.8888888888888888,{'property': 'deadly'},deadly,0.0,0.8888888888888888,0.3333333333333333,0.8888888888888888,0.8888888888888888,{'property': 'lethal'},lethal,0.0,0.8888888888888888,0.0,0.8888888888888888,0.8888888888888888,{'property': 'lethal'},lethal,0.0,0.8888888888888888,0.0,0.8888888888888888,0.8888888888888888,{'property': 'lethal'},lethal,0.0,0.8888888888888888,0.0,0.8888888888888888,0.8888888888888888,0.0,0.0,0.888888888888889,0.8888888888888888,0.888888888888889,0.8888888888888888
,the writer giving up,writer,give,creative,canceled,"(canceled, canceled, canceled)","(1, 1, 1)","(4, 3, 5)","(1, 1, 1)",0.7777777777777778,0.0,0.7777777777777778,,False,0.3333333333333333,0.7777777777777778,"['{""property"": ""productive""}', '{""property"": ""productive""}', '{""property"": ""productive""}', '{""property"": ""successful""}', '{""property"": ""inspired""}']","['{""property"": ""inspiring""}', '{""property"": ""productive""}', '{""property"": ""successful""}', '{""property"": ""inspiring""}', '{""property"": ""productive""}']","['{""property"": ""productive""}', '{""property"": ""productive""}', '{""property"": ""productive""}', '{""property"": ""prolific""}', '{""property"": ""productive""}']",{'property': 'productive'},productive,0.0,0.5555555555555556,0.5555555555555556,0.5555555555555556,0.5555555555555556,{'property': 'productive'},productive,0.0,0.5555555555555556,0.5555555555555556,0.5555555555555556,0.5555555555555556,{'property': 'productive'},productive,0.0,0.5555555555555556,0.3333333333333333,0.5555555555555556,0.5555555555555556,{'property': 'successful'},successful,0.0,0.3333333333333333,0.3333333333333333,0.3333333333333333,0.3333333333333333,{'property': 'inspired'},inspired,0.0,0.3333333333333333,0.3333333333333333,0.3333333333333333,0.3333333333333333,0.0,0.0,0.4666666666666667,0.5555555555555556,0.4666666666666667,0.5555555555555556,{'property': 'inspiring'},inspiring,0.0,0.5555555555555556,0.3333333333333333,0.5555555555555556,0.5555555555555556,{'property': 'productive'},productive,0.0,0.5555555555555556,0.3333333333333333,0.5555555555555556,0.5555555555555556,{'property': 'successful'},successful,0.0,0.3333333333333333,0.3333333333333333,0.3333333333333333,0.3333333333333333,{'property': 'inspiring'},inspiring,0.0,0.5555555555555556,0.3333333333333333,0.5555555555555556,0.5555555555555556,{'property': 'productive'},productive,0.0,0.5555555555555556,0.3333333333333333,0.5555555555555556,0.5555555555555556,0.0,0.0,0.5111111111111111,0.5555555555555556,0.5111111111111111,0.5555555555555556,{'property': 'productive'},productive,0.0,0.5555555555555556,0.3333333333333333,0.5555555555555556,0.5555555555555556,{'property': 'productive'},productive,0.0,0.5555555555555556,0.3333333333333333,0.5555555555555556,0.5555555555555556,{'property': 'productive'},productive,0.0,0.5555555555555556,0.5555555555555556,0.5555555555555556,0.5555555555555556,{'property': 'prolific'},prolific,0.0,0.3333333333333333,0.3333333333333333,0.3333333333333333,0.3333333333333333,{'property': 'productive'},productive,0.0,0.5555555555555556,0.3333333333333333,0.5555555555555556,0.5555555555555556,0.0,0.0,0.5111111111111111,0.5555555555555556,0.5111111111111111,0.5555555555555556
"You always praised Nancy's cooking when you came to 'The Hall' in the old days, so you are under obligations to eat every crumb of it, even if it isn't as good as the prison fare.",the prison fare,fare,prison,varied,canceled,"(canceled, canceled, others)","(2, 2, 3)","(4, 3, 3)","(2, 2, 2)",0.4444444444444445,0.1111111111111111,0.5555555555555556,0.644444444,False,0.5555555555555556,0.5555555555555556,"['{""property"": ""affordable""}', '{""property"": ""nutritious""}', '{""property"": ""nutritious""}', '{""property"": ""nutritious""}', '{""property"": ""nutritious""}']","['{""property"": ""nutritious""}', '{""property"": ""expensive""}', '{""property"": ""delicious""}', '{""property"": ""tasty""}', '{""property"": ""tasty""}']","['{""property"": ""expensive""}', '{""property"": ""nutritious""}', '{""property"": ""delicious""}', '{""property"": ""nutritious""}', '{""property"": ""nutritious""}']",{'property': 'affordable'},affordable,0.8888888888888888,0.3333333333333333,0.0,0.3333333333333333,0.0,{'property': 'nutritious'},nutritious,0.3333333333333333,0.3333333333333333,0.0,0.3333333333333333,0.0,{'property': 'nutritious'},nutritious,0.3333333333333333,0.3333333333333333,0.0,0.3333333333333333,0.0,{'property': 'nutritious'},nutritious,0.3333333333333333,0.3333333333333333,0.0,0.3333333333333333,0.0,{'property': 'nutritious'},nutritious,0.3333333333333333,0.3333333333333333,0.0,0.3333333333333333,0.0,0.44444444444444436,0.3333333333333333,0.3333333333333333,0.3333333333333333,0.0,0.0,{'property': 'nutritious'},nutritious,0.3333333333333333,0.3333333333333333,0.0,0.3333333333333333,0.0,{'property': 'expensive'},expensive,0.0,0.3333333333333333,0.5555555555555556,0.5555555555555556,0.5555555555555556,{'property': 'delicious'},delicious,0.1111111111111111,0.3333333333333333,0.0,0.3333333333333333,0.2222222222222222,{'property': 'tasty'},tasty,0.1111111111111111,0.3333333333333333,0.0,0.3333333333333333,0.2222222222222222,{'property': 'tasty'},tasty,0.1111111111111111,0.3333333333333333,0.0,0.3333333333333333,0.2222222222222222,0.13333333333333336,0.0,0.3777777777777777,0.5555555555555556,0.24444444444444446,0.5555555555555556,{'property': 'expensive'},expensive,0.0,0.3333333333333333,0.5555555555555556,0.5555555555555556,0.5555555555555556,{'property': 'nutritious'},nutritious,0.3333333333333333,0.3333333333333333,0.0,0.3333333333333333,0.0,{'property': 'delicious'},delicious,0.1111111111111111,0.3333333333333333,0.0,0.3333333333333333,0.2222222222222222,{'property': 'nutritious'},nutritious,0.3333333333333333,0.3333333333333333,0.0,0.3333333333333333,0.0,{'property': 'nutritious'},nutritious,0.3333333333333333,0.3333333333333333,0.0,0.3333333333333333,0.0,0.22222222222222218,0.0,0.3777777777777777,0.5555555555555556,0.15555555555555556,0.5555555555555556
Many parts of the plot in those games ARE kind of like side quests but with the plot mixed in.,side quests,quest,side,adjacent,canceled,"(canceled, canceled, component)","(1, 1, 3)","(1, 1, 1)","(5, 3, 3)",0.111111111111111,0.7777777777777778,0.0,0.566666667,False,0.8888888888888888,0.8888888888888888,"['{""property"": ""main""}', '{""property"": ""main""}', '{""property"": ""main""}', '{""property"": ""main""}', '{""property"": ""mandatory""}']","['{""property"": ""main""}', '{""property"": ""main""}', '{""property"": ""main""}', '{""property"": ""mandatory""}', '{""property"": ""main""}']","['{""property"": ""main""}', '{""property"": ""main""}', '{""property"": ""main""}', '{""property"": ""main""}', '{""property"": ""main""}']",{'property': 'main'},main,0.0,0.3333333333333333,0.0,0.3333333333333333,0.3333333333333333,{'property': 'main'},main,0.0,0.3333333333333333,0.0,0.3333333333333333,0.3333333333333333,{'property': 'main'},main,0.0,0.3333333333333333,0.0,0.3333333333333333,0.3333333333333333,{'property': 'main'},main,0.0,0.3333333333333333,0.0,0.3333333333333333,0.3333333333333333,{'property': 'mandatory'},mandatory,0.0,0.3333333333333333,0.0,0.3333333333333333,0.3333333333333333,0.0,0.0,0.3333333333333333,0.3333333333333333,0.3333333333333333,0.3333333333333333,{'property': 'main'},main,0.0,0.3333333333333333,0.0,0.3333333333333333,0.3333333333333333,{'property': 'main'},main,0.0,0.3333333333333333,0.0,0.3333333333333333,0.3333333333333333,{'property': 'main'},main,0.0,0.3333333333333333,0.0,0.3333333333333333,0.3333333333333333,{'property': 'mandatory'},mandatory,0.0,0.3333333333333333,0.0,0.3333333333333333,0.3333333333333333,{'property': 'main'},main,0.0,0.3333333333333333,0.0,0.3333333333333333,0.3333333333333333,0.0,0.0,0.3333333333333333,0.3333333333333333,0.3333333333333333,0.3333333333333333,{'property': 'main'},main,0.0,0.3333333333333333,0.0,0.3333333333333333,0.3333333333333333,{'property': 'main'},main,0.0,0.3333333333333333,0.0,0.3333333333333333,0.3333333333333333,{'property': 'main'},main,0.0,0.3333333333333333,0.0,0.3333333333333333,0.3333333333333333,{'property': 'main'},main,0.0,0.3333333333333333,0.0,0.3333333333333333,0.3333333333333333,{'property': 'main'},main,0.0,0.3333333333333333,0.0,0.3333333333333333,0.3333333333333333,0.0,0.0,0.3333333333333333,0.3333333333333333,0.3333333333333333,0.3333333333333333
In England it would be as valuable as the philosopher's stone.,the philosopher's stone,stone,philosopher,dead,canceled,"(others, canceled, canceled)","(1, 2, 4)","(2, 5, 2)","(1, 1, 2)",1.0,0.0,1.0,0.355555556,False,0.3333333333333333,1.0,"['{""property"": ""real""}', '{""property"": ""exists""}', '{""property"": ""attainable""}', '{""property"": ""exists""}', '{""property"": ""existent""}']","['{""property"": ""existent""}', '{""property"": ""existent""}', '{""property"": ""existing""}', '{""property"": ""existent""}', '{""property"": ""exists""}']","['{""property"": ""physical""}', '{""property"": ""exists""}', '{""property"": ""stone""}', '{""property"": ""visible""}', '{""property"": ""real""}']",{'property': 'real'},real,0.0,1.0,0.3333333333333333,1.0,1.0,{'property': 'exists'},exists,0.0,1.0,1.0,1.0,1.0,{'property': 'attainable'},attainable,0.0,0.3333333333333333,0.3333333333333333,0.3333333333333333,0.3333333333333333,{'property': 'exists'},exists,0.0,1.0,1.0,1.0,1.0,{'property': 'existent'},existent,0.0,1.0,1.0,1.0,1.0,0.0,0.0,0.8666666666666668,1.0,0.8666666666666668,1.0,{'property': 'existent'},existent,0.0,1.0,1.0,1.0,1.0,{'property': 'existent'},existent,0.0,1.0,1.0,1.0,1.0,{'property': 'existing'},existing,0.0,1.0,1.0,1.0,1.0,{'property': 'existent'},existent,0.0,1.0,1.0,1.0,1.0,{'property': 'exists'},exists,0.0,1.0,1.0,1.0,1.0,0.0,0.0,1.0,1.0,1.0,1.0,{'property': 'physical'},physical,0.0,1.0,0.1111111111111111,1.0,1.0,{'property': 'exists'},exists,0.0,1.0,1.0,1.0,1.0,{'property': 'stone'},stone,0.5555555555555556,1.0,0.0,1.0,0.4444444444444444,{'property': 'visible'},visible,0.0,1.0,0.3333333333333333,1.0,1.0,{'property': 'real'},real,0.0,1.0,0.3333333333333333,1.0,1.0,0.11111111111111112,0.0,1.0,1.0,0.888888888888889,1.0
That tune is exactly like the stained glass.,the stained glass,glass,stain,clear,canceled,"(canceled, canceled, canceled)","(2, 2, 2)","(5, 4, 5)","(1, 1, 1)",0.8888888888888888,0.0,0.8888888888888888,0.0,False,0.0,0.8888888888888888,"['{""property"": ""transparent""}', '{""property"": ""transparent""}', '{""property"": ""transparent""}', '{""property"": ""transparent""}', '{""property"": ""transparent""}']","['{""property"": ""transparent""}', '{""property"": ""transparent""}', '{""property"": ""transparent""}', '{""property"": ""transparent""}', '{""property"": ""transparent""}']","['{""property"": ""transparent""}', '{""property"": ""transparent""}', '{""property"": ""transparent""}', '{""property"": ""transparent""}', '{""property"": ""transparent""}']",{'property': 'transparent'},transparent,0.5555555555555556,0.8888888888888888,0.0,0.8888888888888888,0.3333333333333332,{'property': 'transparent'},transparent,0.5555555555555556,0.8888888888888888,0.0,0.8888888888888888,0.3333333333333332,{'property': 'transparent'},transparent,0.3333333333333333,0.8888888888888888,0.0,0.8888888888888888,0.5555555555555556,{'property': 'transparent'},transparent,0.5555555555555556,1.0,0.0,1.0,0.4444444444444444,{'property': 'transparent'},transparent,0.3333333333333333,0.8888888888888888,0.0,0.8888888888888888,0.5555555555555556,0.4666666666666667,0.3333333333333333,0.9111111111111111,1.0,0.44444444444444436,0.5555555555555556,{'property': 'transparent'},transparent,0.3333333333333333,0.8888888888888888,0.0,0.8888888888888888,0.5555555555555556,{'property': 'transparent'},transparent,0.5555555555555556,0.8888888888888888,0.0,0.8888888888888888,0.3333333333333332,{'property': 'transparent'},transparent,0.3333333333333333,0.8888888888888888,0.0,0.8888888888888888,0.5555555555555556,{'property': 'transparent'},transparent,0.3333333333333333,0.8888888888888888,0.0,0.8888888888888888,0.5555555555555556,{'property': 'transparent'},transparent,0.5555555555555556,0.8888888888888888,0.0,0.8888888888888888,0.3333333333333332,0.42222222222222217,0.3333333333333333,0.888888888888889,0.8888888888888888,0.4666666666666666,0.5555555555555556,{'property': 'transparent'},transparent,0.3333333333333333,0.8888888888888888,0.0,0.8888888888888888,0.5555555555555556,{'property': 'transparent'},transparent,0.3333333333333333,0.8888888888888888,0.0,0.8888888888888888,0.5555555555555556,{'property': 'transparent'},transparent,0.5555555555555556,0.8888888888888888,0.0,0.8888888888888888,0.3333333333333332,{'property': 'transparent'},transparent,0.3333333333333333,0.8888888888888888,0.0,0.8888888888888888,0.5555555555555556,{'property': 'transparent'},transparent,0.3333333333333333,0.8888888888888888,0.0,0.8888888888888888,0.5555555555555556,0.37777777777777777,0.3333333333333333,0.888888888888889,0.8888888888888888,0.5111111111111111,0.5555555555555556
and as trustworthy as a chocolate hammer .,a chocolate hammer,hammer,chocolate,strong,canceled,"(canceled, canceled, canceled)","(1, 1, 1)","(4, 4, 5)","(1, 1, 1)",0.7777777777777778,0.0,0.7777777777777778,0.0,False,0.1111111111111111,0.7777777777777778,"['{""property"": ""edible""}', '{""property"": ""edible""}', '{""property"": ""edible""}', '{""property"": ""edible""}', '{""property"": ""functional""}']","['{""property"": ""edible""}', '{""property"": ""edible""}', '{""property"": ""edible""}', '{""property"": ""usable""}', '{""property"": ""edible""}']","['{""property"": ""edible""}', '{""property"": ""edible""}', '{""property"": ""functional""}', '{""property"": ""edible""}', '{""property"": ""edible""}']",{'property': 'edible'},edible,0.5555555555555556,0.0,1.0,1.0,0.4444444444444444,{'property': 'edible'},edible,0.5555555555555556,0.0,1.0,1.0,0.4444444444444444,{'property': 'edible'},edible,0.8888888888888888,0.0,1.0,1.0,0.1111111111111111,{'property': 'edible'},edible,1.0,0.0,1.0,1.0,0.0,{'property': 'functional'},functional,0.0,0.8888888888888888,0.1111111111111111,0.8888888888888888,0.8888888888888888,0.6,0.0,0.9777777777777779,1.0,0.37777777777777777,0.8888888888888888,{'property': 'edible'},edible,0.5555555555555556,0.0,1.0,1.0,0.4444444444444444,{'property': 'edible'},edible,0.7777777777777778,0.0,1.0,1.0,0.2222222222222222,{'property': 'edible'},edible,1.0,0.0,1.0,1.0,0.0,{'property': 'usable'},usable,0.0,0.8888888888888888,0.3333333333333333,0.8888888888888888,0.8888888888888888,{'property': 'edible'},edible,0.7777777777777778,0.0,1.0,1.0,0.2222222222222222,0.6222222222222222,0.0,0.9777777777777779,1.0,0.3555555555555555,0.8888888888888888,{'property': 'edible'},edible,0.7777777777777778,0.0,1.0,1.0,0.2222222222222222,{'property': 'edible'},edible,0.7777777777777778,0.0,1.0,1.0,0.2222222222222222,{'property': 'functional'},functional,0.0,0.8888888888888888,0.1111111111111111,0.8888888888888888,0.8888888888888888,{'property': 'edible'},edible,0.7777777777777778,0.0,1.0,1.0,0.2222222222222222,{'property': 'edible'},edible,0.7777777777777778,0.0,1.0,1.0,0.2222222222222222,0.6222222222222222,0.0,0.9777777777777779,1.0,0.3555555555555555,0.8888888888888888
It is as likely as snow in hell.,snow in hell,snow,hell,white,canceled,"(canceled, canceled, canceled)","(2, 2, 2)","(5, 5, 5)","(1, 1, 1)",1.0,0.0,1.0,0.0,False,0.0,1.0,"['{""property"": ""common""}', '{""property"": ""common""}', '{""property"": ""cold""}', '{""property"": ""common""}', '{""property"": ""common""}']","['{""property"": ""common""}', '{""property"": ""common""}', '{""property"": ""common""}', '{""property"": ""common""}', '{""property"": ""common""}']","['{""property"": ""warm""}', '{""property"": ""hot""}', '{""property"": ""cold""}', '{""property"": ""common""}', '{""property"": ""common""}']",{'property': 'common'},common,0.0,0.3333333333333333,0.0,0.3333333333333333,0.3333333333333333,{'property': 'common'},common,0.0,0.3333333333333333,0.0,0.3333333333333333,0.3333333333333333,{'property': 'cold'},cold,0.0,1.0,0.0,1.0,1.0,{'property': 'common'},common,0.0,0.3333333333333333,0.0,0.3333333333333333,0.3333333333333333,{'property': 'common'},common,0.0,0.3333333333333333,0.0,0.3333333333333333,0.3333333333333333,0.0,0.0,0.4666666666666666,1.0,0.4666666666666666,1.0,{'property': 'common'},common,0.0,0.3333333333333333,0.0,0.3333333333333333,0.3333333333333333,{'property': 'common'},common,0.0,0.3333333333333333,0.0,0.3333333333333333,0.3333333333333333,{'property': 'common'},common,0.0,0.3333333333333333,0.0,0.3333333333333333,0.3333333333333333,{'property': 'common'},common,0.0,0.3333333333333333,0.0,0.3333333333333333,0.3333333333333333,{'property': 'common'},common,0.0,0.3333333333333333,0.0,0.3333333333333333,0.3333333333333333,0.0,0.0,0.3333333333333333,0.3333333333333333,0.3333333333333333,0.3333333333333333,{'property': 'warm'},warm,0.0,0.0,0.8888888888888888,0.8888888888888888,0.8888888888888888,{'property': 'hot'},hot,0.0,0.0,1.0,1.0,1.0,{'property': 'cold'},cold,0.0,1.0,0.0,1.0,1.0,{'property': 'common'},common,0.0,0.3333333333333333,0.0,0.3333333333333333,0.3333333333333333,{'property': 'common'},common,0.0,0.3333333333333333,0.0,0.3333333333333333,0.3333333333333333,0.0,0.0,0.7111111111111111,1.0,0.7111111111111111,1.0
"And if you are a crosscountry skier without a pole, you are just like a canoeist without a paddle.",a canoeist without a paddle,canoeist,paddle,broad,canceled,"(canceled, canceled, component)","(2, 1, 2)","(3, 1, 3)","(1, 4, 1)",0.7777777777777778,0.0,0.0,1.0,False,0.7777777777777778,0.7777777777777778,"['{""property"": ""effective""}', '{""property"": ""effective""}', '{""property"": ""well-equipped""}', '{""property"": ""fast""}', '{""property"": ""fast""}']","['{""property"": ""independent""}', '{""property"": ""steerable""}', '{""property"": ""independent""}', '{""property"": ""effective""}', '{""property"": ""independent""}']","['{""property"": ""independent""}', '{""property"": ""steerable""}', '{""property"": ""independent""}', '{""property"": ""steerable""}', '{""property"": ""steerable""}']",{'property': 'effective'},effective,0.0,0.5555555555555556,0.5555555555555556,0.5555555555555556,0.5555555555555556,{'property': 'effective'},effective,0.0,0.5555555555555556,0.5555555555555556,0.5555555555555556,0.5555555555555556,{'property': 'well-equipped'},well-equipped,0.0,0.3333333333333333,0.2222222222222222,0.3333333333333333,0.3333333333333333,{'property': 'fast'},fast,0.0,0.3333333333333333,0.1111111111111111,0.3333333333333333,0.3333333333333333,{'property': 'fast'},fast,0.0,0.3333333333333333,0.1111111111111111,0.3333333333333333,0.3333333333333333,0.0,0.0,0.4222222222222222,0.5555555555555556,0.4222222222222222,0.5555555555555556,{'property': 'independent'},independent,0.0,0.5555555555555556,0.2222222222222222,0.5555555555555556,0.5555555555555556,{'property': 'steerable'},steerable,0.0,0.8888888888888888,0.3333333333333333,0.8888888888888888,0.8888888888888888,{'property': 'independent'},independent,0.0,0.5555555555555556,0.2222222222222222,0.5555555555555556,0.5555555555555556,{'property': 'effective'},effective,0.0,0.5555555555555556,0.5555555555555556,0.5555555555555556,0.5555555555555556,{'property': 'independent'},independent,0.0,0.5555555555555556,0.2222222222222222,0.5555555555555556,0.5555555555555556,0.0,0.0,0.6222222222222221,0.8888888888888888,0.6222222222222221,0.8888888888888888,{'property': 'independent'},independent,0.0,0.5555555555555556,0.2222222222222222,0.5555555555555556,0.5555555555555556,{'property': 'steerable'},steerable,0.0,0.8888888888888888,0.3333333333333333,0.8888888888888888,0.8888888888888888,{'property': 'independent'},independent,0.0,0.5555555555555556,0.2222222222222222,0.5555555555555556,0.5555555555555556,{'property': 'steerable'},steerable,0.0,0.8888888888888888,0.3333333333333333,0.8888888888888888,0.8888888888888888,{'property': 'steerable'},steerable,0.0,0.8888888888888888,0.3333333333333333,0.8888888888888888,0.8888888888888888,0.0,0.0,0.7555555555555555,0.8888888888888888,0.7555555555555555,0.8888888888888888
she was as subtle as a rock through a window .,a rock through a window,rock,window,transparent,canceled,"(canceled, canceled, canceled)","(1, 1, 1)","(1, 1, 1)","(4, 5, 5)",0.8888888888888888,0.0,0.0,0.877777778,False,0.8888888888888888,0.8888888888888888,"['{""property"": ""transparent""}', '{""property"": ""transparent""}', '{""property"": ""opaque""}', '{""property"": ""stable""}', '{""property"": ""opaque""}']","['{""property"": ""intact""}', '{""property"": ""intact""}', '{""property"": ""opaque""}', '{""property"": ""opaque""}', '{""property"": ""intact""}']","['{""property"": ""opaque""}', '{""property"": ""opaque""}', '{""property"": ""intact""}', '{""property"": ""opaque""}', '{""property"": ""intact""}']",{'property': 'transparent'},transparent,0.0,0.0,0.8888888888888888,0.8888888888888888,0.8888888888888888,{'property': 'transparent'},transparent,0.0,0.0,0.8888888888888888,0.8888888888888888,0.8888888888888888,{'property': 'opaque'},opaque,1.0,0.8888888888888888,0.1111111111111111,0.8888888888888888,0.0,{'property': 'stable'},stable,0.0,0.8888888888888888,0.7777777777777778,0.8888888888888888,0.8888888888888888,{'property': 'opaque'},opaque,1.0,0.8888888888888888,0.0,0.8888888888888888,0.0,0.4,0.0,0.888888888888889,0.8888888888888888,0.5333333333333333,0.8888888888888888,{'property': 'intact'},intact,0.0,0.8888888888888888,0.8888888888888888,0.8888888888888888,0.8888888888888888,{'property': 'intact'},intact,0.0,0.8888888888888888,0.8888888888888888,0.8888888888888888,0.8888888888888888,{'property': 'opaque'},opaque,1.0,0.8888888888888888,0.0,0.8888888888888888,0.0,{'property': 'opaque'},opaque,1.0,0.8888888888888888,0.0,0.8888888888888888,0.0,{'property': 'intact'},intact,0.0,0.8888888888888888,0.8888888888888888,0.8888888888888888,0.8888888888888888,0.4,0.0,0.888888888888889,0.8888888888888888,0.5333333333333333,0.8888888888888888,{'property': 'opaque'},opaque,1.0,0.8888888888888888,0.0,0.8888888888888888,0.0,{'property': 'opaque'},opaque,1.0,0.8888888888888888,0.0,0.8888888888888888,0.0,{'property': 'intact'},intact,0.0,0.8888888888888888,0.8888888888888888,0.8888888888888888,0.8888888888888888,{'property': 'opaque'},opaque,1.0,0.8888888888888888,0.0,0.8888888888888888,0.0,{'property': 'intact'},intact,0.0,0.8888888888888888,0.8888888888888888,0.8888888888888888,0.8888888888888888,0.6,0.0,0.888888888888889,0.8888888888888888,0.3555555555555555,0.8888888888888888
v B26 b6 look exactly like ones parents.,ones parents,parent,one,single,canceled,"(canceled, canceled, canceled)","(1, 2, 1)","(2, 1, 3)","(5, 5, 5)",0.8888888888888888,0.1111111111111111,0.3333333333333333,1.0,False,1.0,1.0,"['{""property"": ""young""}', '{""property"": ""young""}', '{""property"": ""young""}', '{""property"": ""youthful""}', '{""property"": ""young""}']","['{""property"": ""young""}', '{""property"": ""multiple""}', '{""property"": ""numerical""}', '{""property"": ""young""}', '{""property"": ""young""}']","['{""property"": ""young""}', '{""property"": ""young""}', '{""property"": ""single""}', '{""property"": ""single""}', '{""property"": ""young""}']",{'property': 'young'},young,0.1111111111111111,0.1111111111111111,0.3333333333333333,0.3333333333333333,0.2222222222222222,{'property': 'young'},young,0.1111111111111111,0.1111111111111111,0.3333333333333333,0.3333333333333333,0.2222222222222222,{'property': 'young'},young,0.1111111111111111,0.1111111111111111,0.0,0.1111111111111111,0.0,{'property': 'youthful'},youthful,0.1111111111111111,0.2222222222222222,0.0,0.2222222222222222,0.1111111111111111,{'property': 'young'},young,0.1111111111111111,0.1111111111111111,0.0,0.1111111111111111,0.0,0.11111111111111112,0.1111111111111111,0.22222222222222218,0.3333333333333333,0.11111111111111112,0.2222222222222222,{'property': 'young'},young,0.1111111111111111,0.1111111111111111,0.0,0.1111111111111111,0.0,{'property': 'multiple'},multiple,1.0,0.3333333333333333,0.0,0.3333333333333333,0.0,{'property': 'numerical'},numerical,0.0,0.0,1.0,1.0,1.0,{'property': 'young'},young,0.1111111111111111,0.1111111111111111,0.0,0.1111111111111111,0.0,{'property': 'young'},young,0.1111111111111111,0.1111111111111111,0.3333333333333333,0.3333333333333333,0.2222222222222222,0.2666666666666667,0.0,0.37777777777777777,1.0,0.24444444444444446,1.0,{'property': 'young'},young,0.1111111111111111,0.1111111111111111,0.0,0.1111111111111111,0.0,{'property': 'young'},young,0.1111111111111111,0.1111111111111111,0.0,0.1111111111111111,0.0,{'property': 'single'},single,0.3333333333333333,0.3333333333333333,1.0,1.0,0.6666666666666667,{'property': 'single'},single,0.1111111111111111,0.3333333333333333,1.0,1.0,0.8888888888888888,{'property': 'young'},young,0.1111111111111111,0.1111111111111111,1.0,1.0,0.8888888888888888,0.15555555555555559,0.1111111111111111,0.6444444444444445,1.0,0.48888888888888893,0.8888888888888888
"In strict accordance with the traditions of the navy, he wore kid gloves, without which a naval officer, on a ceremonial occasion, would be as incomplete as a ship without a rudder.",a ship without a rudder,ship,rudder,directional,canceled,"(canceled, component, canceled)","(1, 5, 2)","(4, 4, 4)","(5, 5, 5)",1.0,0.0,0.7777777777777778,1.0,False,1.0,1.0,"['{""property"": ""controllable""}', '{""property"": ""maneuverable""}', '{""property"": ""controllable""}', '{""property"": ""steerable""}', '{""property"": ""steerable""}']","['{""property"": ""steerable""}', '{""property"": ""steerable""}', '{""property"": ""steerable""}', '{""property"": ""controllable""}', '{""property"": ""steerable""}']","['{""property"": ""maneuverable""}', '{""property"": ""steerable""}', '{""property"": ""steerable""}', '{""property"": ""maneuverable""}', '{""property"": ""maneuverable""}']",{'property': 'controllable'},controllable,0.0,0.7777777777777778,1.0,1.0,1.0,{'property': 'maneuverable'},maneuverable,0.0,0.3333333333333333,0.8888888888888888,0.8888888888888888,0.8888888888888888,{'property': 'controllable'},controllable,0.0,0.7777777777777778,1.0,1.0,1.0,{'property': 'steerable'},steerable,0.0,0.8888888888888888,1.0,1.0,1.0,{'property': 'steerable'},steerable,0.0,1.0,1.0,1.0,1.0,0.0,0.0,0.9777777777777779,1.0,0.9777777777777779,1.0,{'property': 'steerable'},steerable,0.0,1.0,1.0,1.0,1.0,{'property': 'steerable'},steerable,0.0,0.8888888888888888,1.0,1.0,1.0,{'property': 'steerable'},steerable,0.0,0.8888888888888888,1.0,1.0,1.0,{'property': 'controllable'},controllable,0.0,0.7777777777777778,1.0,1.0,1.0,{'property': 'steerable'},steerable,0.0,0.8888888888888888,1.0,1.0,1.0,0.0,0.0,1.0,1.0,1.0,1.0,{'property': 'maneuverable'},maneuverable,0.0,0.3333333333333333,0.8888888888888888,0.8888888888888888,0.8888888888888888,{'property': 'steerable'},steerable,0.0,0.8888888888888888,1.0,1.0,1.0,{'property': 'steerable'},steerable,0.0,0.8888888888888888,1.0,1.0,1.0,{'property': 'maneuverable'},maneuverable,0.0,0.3333333333333333,0.7777777777777778,0.7777777777777778,0.7777777777777778,{'property': 'maneuverable'},maneuverable,0.0,0.3333333333333333,0.7777777777777778,0.7777777777777778,0.7777777777777778,0.0,0.0,0.888888888888889,1.0,0.888888888888889,1.0
it would be a death blow to the antidivisional resistancewhich has become as effective as a flyswatter against a dragon .,a flyswatter against a dragon,flyswatter,dragon,fantastical,canceled,"(component, canceled, canceled)","(4, 1, 4)","(1, 1, 2)","(5, 5, 5)",0.1111111111111111,0.8888888888888888,0.0,0.911111111,False,1.0,1.0,"['{""property"": ""effective""}', '{""property"": ""effective""}', '{""property"": ""effective""}', '{""property"": ""effective""}', '{""property"": ""effective""}']","['{""property"": ""effective""}', '{""property"": ""effective""}', '{""property"": ""effective""}', '{""property"": ""effective""}', '{""property"": ""effective""}']","['{""property"": ""effective""}', '{""property"": ""effective""}', '{""property"": ""effective""}', '{""property"": ""effective""}', '{""property"": ""effective""}']",{'property': 'effective'},effective,0.0,0.6666666666666666,0.7777777777777778,0.7777777777777778,0.7777777777777778,{'property': 'effective'},effective,0.0,0.7777777777777778,0.7777777777777778,0.7777777777777778,0.7777777777777778,{'property': 'effective'},effective,0.0,0.6666666666666666,0.7777777777777778,0.7777777777777778,0.7777777777777778,{'property': 'effective'},effective,0.0,0.6666666666666666,0.7777777777777778,0.7777777777777778,0.7777777777777778,{'property': 'effective'},effective,0.0,0.7777777777777778,0.7777777777777778,0.7777777777777778,0.7777777777777778,0.0,0.0,0.7777777777777778,0.7777777777777778,0.7777777777777778,0.7777777777777778,{'property': 'effective'},effective,0.0,0.7777777777777778,0.7777777777777778,0.7777777777777778,0.7777777777777778,{'property': 'effective'},effective,0.0,0.7777777777777778,0.7777777777777778,0.7777777777777778,0.7777777777777778,{'property': 'effective'},effective,0.0,0.7777777777777778,0.7777777777777778,0.7777777777777778,0.7777777777777778,{'property': 'effective'},effective,0.0,0.7777777777777778,0.7777777777777778,0.7777777777777778,0.7777777777777778,{'property': 'effective'},effective,0.0,0.7777777777777778,0.7777777777777778,0.7777777777777778,0.7777777777777778,0.0,0.0,0.7777777777777778,0.7777777777777778,0.7777777777777778,0.7777777777777778,{'property': 'effective'},effective,0.0,0.7777777777777778,0.7777777777777778,0.7777777777777778,0.7777777777777778,{'property': 'effective'},effective,0.0,0.7777777777777778,0.7777777777777778,0.7777777777777778,0.7777777777777778,{'property': 'effective'},effective,0.0,0.7777777777777778,0.7777777777777778,0.7777777777777778,0.7777777777777778,{'property': 'effective'},effective,0.0,0.7777777777777778,0.7777777777777778,0.7777777777777778,0.7777777777777778,{'property': 'effective'},effective,0.0,0.6666666666666666,0.7777777777777778,0.7777777777777778,0.7777777777777778,0.0,0.0,0.7777777777777778,0.7777777777777778,0.7777777777777778,0.7777777777777778
,a breaking dam,dam,break,flood prevention,canceled,"(canceled, canceled, canceled)","(1, 1, 1)","(4, 5, 5)","(1, 1, 1)",0.8888888888888888,0.0,0.8888888888888888,,False,0.0,0.8888888888888888,"['{""property"": ""stable""}', '{""property"": ""stable""}', '{""property"": ""sturdy""}', '{""property"": ""functional""}', '{""property"": ""functional""}']","['{""property"": ""functional""}', '{""property"": ""reliable""}', '{""property"": ""stable""}', '{""property"": ""stable""}', '{""property"": ""stable""}']","['{""property"": ""stable""}', '{""property"": ""stable""}', '{""property"": ""stable""}', '{""property"": ""secure""}', '{""property"": ""intact""}']",{'property': 'stable'},stable,0.0,0.7777777777777778,0.0,0.7777777777777778,0.7777777777777778,{'property': 'stable'},stable,0.0,0.7777777777777778,0.0,0.7777777777777778,0.7777777777777778,{'property': 'sturdy'},sturdy,0.0,0.8888888888888888,0.0,0.8888888888888888,0.8888888888888888,{'property': 'functional'},functional,0.0,0.8888888888888888,0.0,0.8888888888888888,0.8888888888888888,{'property': 'functional'},functional,0.0,0.8888888888888888,0.0,0.8888888888888888,0.8888888888888888,0.0,0.0,0.8444444444444444,0.8888888888888888,0.8444444444444444,0.8888888888888888,{'property': 'functional'},functional,0.0,0.8888888888888888,0.0,0.8888888888888888,0.8888888888888888,{'property': 'reliable'},reliable,0.0,0.7777777777777778,0.0,0.7777777777777778,0.7777777777777778,{'property': 'stable'},stable,0.0,0.7777777777777778,0.0,0.7777777777777778,0.7777777777777778,{'property': 'stable'},stable,0.0,0.8888888888888888,0.0,0.8888888888888888,0.8888888888888888,{'property': 'stable'},stable,0.0,0.7777777777777778,0.0,0.7777777777777778,0.7777777777777778,0.0,0.0,0.8222222222222222,0.8888888888888888,0.8222222222222222,0.8888888888888888,{'property': 'stable'},stable,0.0,0.7777777777777778,0.0,0.7777777777777778,0.7777777777777778,{'property': 'stable'},stable,0.0,0.7777777777777778,0.0,0.7777777777777778,0.7777777777777778,{'property': 'stable'},stable,0.0,0.7777777777777778,0.0,0.7777777777777778,0.7777777777777778,{'property': 'secure'},secure,0.0,0.7777777777777778,0.0,0.7777777777777778,0.7777777777777778,{'property': 'intact'},intact,0.0,0.8888888888888888,0.0,0.8888888888888888,0.8888888888888888,0.0,0.0,0.8,0.8888888888888888,0.8,0.8888888888888888
"Every State in the Union has at some time been lauded as the favored spot for the cure of consumption, but, after all, it seems as mythical as the pot of gold at the end of the rainbow.",the pot of gold,pot,gold,cook,canceled,"(canceled, canceled, canceled)","(1, 1, 2)","(5, 5, 5)","(1, 1, 1)",0.7777777777777778,0.0,0.7777777777777778,0.0,True,0.0,0.7777777777777778,"['{""property"": ""portable""}', '{""property"": ""portable""}', '{""property"": ""portable""}', '{""property"": ""portable""}', '{""property"": ""portable""}']","['{""property"": ""edible""}', '{""property"": ""portable""}', '{""property"": ""edible""}', '{""property"": ""portable""}', '{""property"": ""portable""}']","['{""property"": ""portable""}', '{""property"": ""portable""}', '{""property"": ""portable""}', '{""property"": ""portable""}', '{""property"": ""portable""}']",{'property': 'portable'},portable,0.5555555555555556,0.5555555555555556,0.5555555555555556,0.5555555555555556,0.0,{'property': 'portable'},portable,0.5555555555555556,0.5555555555555556,0.5555555555555556,0.5555555555555556,0.0,{'property': 'portable'},portable,0.5555555555555556,0.5555555555555556,0.5555555555555556,0.5555555555555556,0.0,{'property': 'portable'},portable,0.5555555555555556,0.5555555555555556,0.5555555555555556,0.5555555555555556,0.0,{'property': 'portable'},portable,0.5555555555555556,0.5555555555555556,0.5555555555555556,0.5555555555555556,0.0,0.5555555555555556,0.5555555555555556,0.5555555555555556,0.5555555555555556,0.0,0.0,{'property': 'edible'},edible,0.0,0.0,0.0,0.0,0.0,{'property': 'portable'},portable,0.5555555555555556,0.5555555555555556,0.5555555555555556,0.5555555555555556,0.0,{'property': 'edible'},edible,0.0,0.0,0.0,0.0,0.0,{'property': 'portable'},portable,0.5555555555555556,0.5555555555555556,0.5555555555555556,0.5555555555555556,0.0,{'property': 'portable'},portable,0.5555555555555556,0.5555555555555556,0.5555555555555556,0.5555555555555556,0.0,0.33333333333333337,0.0,0.33333333333333337,0.5555555555555556,0.0,0.0,{'property': 'portable'},portable,0.5555555555555556,0.5555555555555556,0.5555555555555556,0.5555555555555556,0.0,{'property': 'portable'},portable,0.5555555555555556,0.5555555555555556,0.5555555555555556,0.5555555555555556,0.0,{'property': 'portable'},portable,0.5555555555555556,0.5555555555555556,0.7777777777777778,0.7777777777777778,0.2222222222222222,{'property': 'portable'},portable,0.5555555555555556,0.5555555555555556,0.7777777777777778,0.7777777777777778,0.2222222222222222,{'property': 'portable'},portable,0.5555555555555556,0.5555555555555556,0.7777777777777778,0.7777777777777778,0.2222222222222222,0.5555555555555556,0.5555555555555556,0.6888888888888889,0.7777777777777778,0.13333333333333333,0.2222222222222222
"come along , grasp my hand properly amelia , you are as limp as a gasping fish .",a gasping fish,fish,gasp,fast,canceled,"(canceled, canceled, others)","(2, 2, 3)","(4, 4, 4)","(1, 3, 1)",0.7777777777777778,0.0,0.5555555555555556,0.677777778,False,0.7777777777777778,0.7777777777777778,"['{""property"": ""aquatic""}', '{""property"": ""aquatic""}', '{""property"": ""submerged""}', '{""property"": ""thriving""}', '{""property"": ""thriving""}']","['{""property"": ""aquatic""}', '{""property"": ""breathing normally""}', '{""property"": ""underwater""}', '{""property"": ""breathing""}', '{""property"": ""aquatic""}']","['{""property"": ""healthy""}', '{""property"": ""breathing""}', '{""property"": ""alive""}', '{""property"": ""aquatic""}', '{""property"": ""breathing""}']",{'property': 'aquatic'},aquatic,0.0,1.0,0.0,1.0,1.0,{'property': 'aquatic'},aquatic,0.0,1.0,0.0,1.0,1.0,{'property': 'submerged'},submerged,0.0,0.8888888888888888,0.0,0.8888888888888888,0.8888888888888888,{'property': 'thriving'},thriving,0.0,0.5555555555555556,0.0,0.5555555555555556,0.5555555555555556,{'property': 'thriving'},thriving,0.0,0.5555555555555556,0.0,0.5555555555555556,0.5555555555555556,0.0,0.0,0.8,1.0,0.8,1.0,{'property': 'aquatic'},aquatic,0.0,1.0,0.0,1.0,1.0,{'property': 'breathing normally'},breathing normally,0.0,1.0,0.0,1.0,1.0,{'property': 'underwater'},underwater,0.0,0.8888888888888888,0.0,0.8888888888888888,0.8888888888888888,{'property': 'breathing'},breathing,0.0,1.0,0.3333333333333333,1.0,1.0,{'property': 'aquatic'},aquatic,0.0,1.0,0.0,1.0,1.0,0.0,0.0,0.9777777777777779,1.0,0.9777777777777779,1.0,{'property': 'healthy'},healthy,0.0,0.6666666666666666,0.0,0.6666666666666666,0.6666666666666666,{'property': 'breathing'},breathing,0.0,1.0,0.3333333333333333,1.0,1.0,{'property': 'alive'},alive,0.3333333333333333,0.5555555555555556,0.3333333333333333,0.5555555555555556,0.2222222222222222,{'property': 'aquatic'},aquatic,0.0,1.0,0.0,1.0,1.0,{'property': 'breathing'},breathing,0.0,0.8888888888888888,0.3333333333333333,0.8888888888888888,0.8888888888888888,0.06666666666666667,0.0,0.8222222222222222,1.0,0.7555555555555555,1.0
,a brass man,man,brass,mammalian,canceled,"(canceled, canceled, canceled)","(1, 1, 2)","(5, 4, 5)","(1, 1, 1)",1.0,0.0,1.0,,False,0.0,1.0,"['{""property"": ""alive""}', '{""property"": ""biological""}', '{""property"": ""human""}', '{""property"": ""living""}', '{""property"": ""alive""}']","['{""property"": ""human""}', '{""property"": ""biological""}', '{""property"": ""living""}', '{""property"": ""biological""}', '{""property"": ""fleshly""}']","['{""property"": ""fleshly""}', '{""property"": ""strong""}', '{""property"": ""human""}', '{""property"": ""biological""}', '{""property"": ""living""}']",{'property': 'alive'},alive,0.0,0.8888888888888888,0.0,0.8888888888888888,0.8888888888888888,{'property': 'biological'},biological,0.0,1.0,0.0,1.0,1.0,{'property': 'human'},human,0.0,1.0,0.0,1.0,1.0,{'property': 'living'},living,0.0,1.0,0.0,1.0,1.0,{'property': 'alive'},alive,0.0,0.8888888888888888,0.0,0.8888888888888888,0.8888888888888888,0.0,0.0,0.9555555555555555,1.0,0.9555555555555555,1.0,{'property': 'human'},human,0.0,1.0,0.0,1.0,1.0,{'property': 'biological'},biological,0.0,1.0,0.0,1.0,1.0,{'property': 'living'},living,0.0,1.0,0.0,1.0,1.0,{'property': 'biological'},biological,0.0,1.0,0.0,1.0,1.0,{'property': 'fleshly'},fleshly,0.0,0.8888888888888888,0.0,0.8888888888888888,0.8888888888888888,0.0,0.0,0.9777777777777779,1.0,0.9777777777777779,1.0,{'property': 'fleshly'},fleshly,0.0,1.0,0.0,1.0,1.0,{'property': 'strong'},strong,0.3333333333333333,0.5555555555555556,0.5555555555555556,0.5555555555555556,0.2222222222222222,{'property': 'human'},human,0.0,1.0,0.0,1.0,1.0,{'property': 'biological'},biological,0.0,1.0,0.0,1.0,1.0,{'property': 'living'},living,0.0,1.0,0.0,1.0,1.0,0.06666666666666667,0.0,0.9111111111111111,1.0,0.8444444444444444,1.0
"They go along like men without hope, as if life were a penalty, and the only expiration of their term of condemnation were to arrive with death.",men without hope,man,hope,uplift,canceled,"(canceled, canceled, canceled)","(1, 1, 2)","(3, 2, 4)","(5, 5, 5)",0.7777777777777778,0.0,0.3333333333333333,0.888888889,False,0.7777777777777778,0.7777777777777778,"['{""property"": ""strong""}', '{""property"": ""productive""}', '{""property"": ""protective""}', '{""property"": ""ambitious""}', '{""property"": ""aggressive""}']","['{""property"": ""productive""}', '{""property"": ""aggressive""}', '{""property"": ""ambitious""}', '{""property"": ""optimistic""}', '{""property"": ""ambitious""}']","['{""property"": ""confident""}', '{""property"": ""confident""}', '{""property"": ""confident""}', '{""property"": ""optimistic""}', '{""property"": ""ambitious""}']",{'property': 'strong'},strong,0.0,0.3333333333333333,0.5555555555555556,0.5555555555555556,0.5555555555555556,{'property': 'productive'},productive,0.0,0.5555555555555556,0.3333333333333333,0.5555555555555556,0.5555555555555556,{'property': 'protective'},protective,0.0,0.5555555555555556,0.3333333333333333,0.5555555555555556,0.5555555555555556,{'property': 'ambitious'},ambitious,0.0,0.5555555555555556,0.3333333333333333,0.5555555555555556,0.5555555555555556,{'property': 'aggressive'},aggressive,0.3333333333333333,0.3333333333333333,0.0,0.3333333333333333,0.0,0.06666666666666667,0.0,0.5111111111111112,0.5555555555555556,0.4444444444444445,0.5555555555555556,{'property': 'productive'},productive,0.0,0.5555555555555556,0.3333333333333333,0.5555555555555556,0.5555555555555556,{'property': 'aggressive'},aggressive,0.3333333333333333,0.3333333333333333,0.0,0.3333333333333333,0.0,{'property': 'ambitious'},ambitious,0.0,0.5555555555555556,0.3333333333333333,0.5555555555555556,0.5555555555555556,{'property': 'optimistic'},optimistic,0.0,0.3333333333333333,0.8888888888888888,0.8888888888888888,0.8888888888888888,{'property': 'ambitious'},ambitious,0.0,0.5555555555555556,0.3333333333333333,0.5555555555555556,0.5555555555555556,0.06666666666666667,0.0,0.5777777777777777,0.8888888888888888,0.5111111111111111,0.8888888888888888,{'property': 'confident'},confident,0.0,0.5555555555555556,0.5555555555555556,0.5555555555555556,0.5555555555555556,{'property': 'confident'},confident,0.0,0.3333333333333333,0.5555555555555556,0.5555555555555556,0.5555555555555556,{'property': 'confident'},confident,0.0,0.3333333333333333,0.5555555555555556,0.5555555555555556,0.5555555555555556,{'property': 'optimistic'},optimistic,0.0,0.3333333333333333,0.8888888888888888,0.8888888888888888,0.8888888888888888,{'property': 'ambitious'},ambitious,0.0,0.5555555555555556,0.3333333333333333,0.5555555555555556,0.5555555555555556,0.0,0.0,0.6222222222222221,0.8888888888888888,0.6222222222222221,0.8888888888888888
"She won't let us do one single thing, an' she's just as cross as an old catso now!",an old catso,catso,old,fluffy,canceled,"(component, canceled, canceled)","(2, 4, 2)","(2, 5, 5)","(3, 4, 1)",0.4444444444444445,0.3333333333333333,0.7777777777777778,0.2,True,0.0,0.7777777777777778,"['{""property"": ""cute""}', '{""property"": ""playful""}', '{""property"": ""affectionate""}', '{""property"": ""playful""}', '{""property"": ""affectionate""}']","['{""property"": ""cute""}', '{""property"": ""playful""}', '{""property"": ""cute""}', '{""property"": ""fierce""}', '{""property"": ""playful""}']","['{""property"": ""affectionate""}', '{""property"": ""playful""}', '{""property"": ""affectionate""}', '{""property"": ""playful""}', '{""property"": ""affectionate""}']",{'property': 'cute'},cute,0.5555555555555556,0.6666666666666666,0.3333333333333333,0.6666666666666666,0.111111111111111,{'property': 'playful'},playful,0.2222222222222222,0.6666666666666666,0.2222222222222222,0.6666666666666666,0.4444444444444444,{'property': 'affectionate'},affectionate,0.5555555555555556,0.5555555555555556,0.3333333333333333,0.5555555555555556,0.0,{'property': 'playful'},playful,0.2222222222222222,0.6666666666666666,0.2222222222222222,0.6666666666666666,0.4444444444444444,{'property': 'affectionate'},affectionate,0.5555555555555556,0.3333333333333333,0.3333333333333333,0.3333333333333333,0.0,0.42222222222222233,0.2222222222222222,0.5777777777777777,0.6666666666666666,0.19999999999999996,0.4444444444444444,{'property': 'cute'},cute,0.5555555555555556,0.7777777777777778,0.3333333333333333,0.7777777777777778,0.2222222222222222,{'property': 'playful'},playful,0.2222222222222222,0.6666666666666666,0.1111111111111111,0.6666666666666666,0.4444444444444444,{'property': 'cute'},cute,0.5555555555555556,0.6666666666666666,0.3333333333333333,0.6666666666666666,0.111111111111111,{'property': 'fierce'},fierce,0.3333333333333333,0.3333333333333333,0.1111111111111111,0.3333333333333333,0.0,{'property': 'playful'},playful,0.2222222222222222,0.6666666666666666,0.1111111111111111,0.6666666666666666,0.4444444444444444,0.37777777777777777,0.2222222222222222,0.6222222222222222,0.7777777777777778,0.2444444444444444,0.4444444444444444,{'property': 'affectionate'},affectionate,0.5555555555555556,0.3333333333333333,0.3333333333333333,0.3333333333333333,0.0,{'property': 'playful'},playful,0.2222222222222222,0.6666666666666666,0.2222222222222222,0.6666666666666666,0.4444444444444444,{'property': 'affectionate'},affectionate,0.5555555555555556,0.3333333333333333,0.3333333333333333,0.3333333333333333,0.0,{'property': 'playful'},playful,0.2222222222222222,0.6666666666666666,0.2222222222222222,0.6666666666666666,0.4444444444444444,{'property': 'affectionate'},affectionate,0.5555555555555556,0.3333333333333333,0.3333333333333333,0.3333333333333333,0.0,0.42222222222222233,0.2222222222222222,0.4666666666666667,0.6666666666666666,0.17777777777777776,0.4444444444444444
Republican is usually like repealing taxes.,repealing taxes,taxis,repeal,reliable,canceled,"(canceled, canceled, canceled)","(1, 1, 1)","(3, 4, 2)","(1, 1, 1)",0.4444444444444445,0.1111111111111111,0.5555555555555556,0.0,False,0.2222222222222222,0.5555555555555556,"['{""property"": ""collectible""}', '{""property"": ""predictable""}', '{""property"": ""mandatory""}', '{""property"": ""collectible""}', '{""property"": ""compulsory""}']","['{""property"": ""mandatory""}', '{""property"": ""mandatory""}', '{""property"": ""fair""}', '{""property"": ""collectible""}', '{""property"": ""compulsory""}']","['{""property"": ""mandatory""}', '{""property"": ""compulsory""}', '{""property"": ""compulsory""}', '{""property"": ""mandatory""}', '{""property"": ""mandatory""}']",{'property': 'collectible'},collectible,0.0,0.1111111111111111,0.0,0.1111111111111111,0.1111111111111111,{'property': 'predictable'},predictable,0.3333333333333333,0.3333333333333333,0.3333333333333333,0.3333333333333333,0.0,{'property': 'mandatory'},mandatory,0.0,0.0,0.0,0.0,0.0,{'property': 'collectible'},collectible,0.0,0.1111111111111111,0.0,0.1111111111111111,0.1111111111111111,{'property': 'compulsory'},compulsory,0.0,0.0,0.0,0.0,0.0,0.06666666666666667,0.0,0.11111111111111112,0.3333333333333333,0.04444444444444444,0.1111111111111111,{'property': 'mandatory'},mandatory,0.0,0.0,0.0,0.0,0.0,{'property': 'mandatory'},mandatory,0.0,0.0,0.0,0.0,0.0,{'property': 'fair'},fair,0.3333333333333333,0.3333333333333333,0.3333333333333333,0.3333333333333333,0.0,{'property': 'collectible'},collectible,0.0,0.1111111111111111,0.0,0.1111111111111111,0.1111111111111111,{'property': 'compulsory'},compulsory,0.0,0.0,0.0,0.0,0.0,0.06666666666666667,0.0,0.08888888888888888,0.3333333333333333,0.02222222222222222,0.1111111111111111,{'property': 'mandatory'},mandatory,0.0,0.0,0.0,0.0,0.0,{'property': 'compulsory'},compulsory,0.0,0.0,0.0,0.0,0.0,{'property': 'compulsory'},compulsory,0.0,0.0,0.0,0.0,0.0,{'property': 'mandatory'},mandatory,0.0,0.0,0.0,0.0,0.0,{'property': 'mandatory'},mandatory,0.0,0.0,0.0,0.0,0.0,0.0,0.0,0.0,0.0,0.0,0.0
A life without sorrow would probably be as bare as a life without happiness.,a life without happiness,life,happiness,transient,canceled,"(component, canceled, canceled)","(2, 4, 5)","(3, 4, 3)","(3, 2, 4)",0.5555555555555556,0.3333333333333333,0.8888888888888888,0.644444444,True,0.6666666666666666,0.8888888888888888,"['{""property"": ""fulfilling""}', '{""property"": ""worth living""}', '{""property"": ""worthwhile""}', '{""property"": ""fulfilling""}', '{""property"": ""desirable""}']","['{""property"": ""fulfilling""}', '{""property"": ""desirable""}', '{""property"": ""fulfilling""}', '{""property"": ""fulfilling""}', '{""property"": ""fulfilling""}']","['{""property"": ""fulfilling""}', '{""property"": ""worth living""}', '{""property"": ""desirable""}', '{""property"": ""fulfilling""}', '{""property"": ""worthwhile""}']",{'property': 'fulfilling'},fulfilling,0.0,0.5555555555555556,0.8888888888888888,0.8888888888888888,0.8888888888888888,{'property': 'worth living'},worth living,0.0,0.5555555555555556,0.7777777777777778,0.7777777777777778,0.7777777777777778,{'property': 'worthwhile'},worthwhile,0.0,0.7777777777777778,0.8888888888888888,0.8888888888888888,0.8888888888888888,{'property': 'fulfilling'},fulfilling,0.0,0.5555555555555556,0.7777777777777778,0.7777777777777778,0.7777777777777778,{'property': 'desirable'},desirable,0.0,0.7777777777777778,1.0,1.0,1.0,0.0,0.0,0.8666666666666666,1.0,0.8666666666666666,1.0,{'property': 'fulfilling'},fulfilling,0.0,0.5555555555555556,0.7777777777777778,0.7777777777777778,0.7777777777777778,{'property': 'desirable'},desirable,0.0,0.7777777777777778,1.0,1.0,1.0,{'property': 'fulfilling'},fulfilling,0.0,0.5555555555555556,0.7777777777777778,0.7777777777777778,0.7777777777777778,{'property': 'fulfilling'},fulfilling,0.0,0.5555555555555556,0.7777777777777778,0.7777777777777778,0.7777777777777778,{'property': 'fulfilling'},fulfilling,0.0,0.5555555555555556,0.8888888888888888,0.8888888888888888,0.8888888888888888,0.0,0.0,0.8444444444444443,1.0,0.8444444444444443,1.0,{'property': 'fulfilling'},fulfilling,0.0,0.5555555555555556,0.8888888888888888,0.8888888888888888,0.8888888888888888,{'property': 'worth living'},worth living,0.1111111111111111,0.5555555555555556,0.8888888888888888,0.8888888888888888,0.7777777777777777,{'property': 'desirable'},desirable,0.0,0.7777777777777778,1.0,1.0,1.0,{'property': 'fulfilling'},fulfilling,0.0,0.5555555555555556,0.7777777777777778,0.7777777777777778,0.7777777777777778,{'property': 'worthwhile'},worthwhile,0.0,0.7777777777777778,0.8888888888888888,0.8888888888888888,0.8888888888888888,0.02222222222222222,0.0,0.888888888888889,1.0,0.8666666666666666,1.0
A Chinaman once said that the thought of death is as futile as water in the hand.,water in the hand,water,hand,grasp,canceled,"(canceled, canceled, canceled)","(1, 1, 1)","(1, 1, 1)","(5, 4, 5)",0.6666666666666666,0.2222222222222222,0.0,0.788888889,False,0.8888888888888888,0.8888888888888888,"['{""property"": ""retainable""}', '{""property"": ""retainable""}', '{""property"": ""drinkable""}', '{""property"": ""containable""}', '{""property"": ""potable""}']","['{""property"": ""potable""}', '{""property"": ""drinkable""}', '{""property"": ""drinkable""}', '{""property"": ""containable""}', '{""property"": ""containable""}']","['{""property"": ""drinkable""}', '{""property"": ""drinkable""}', '{""property"": ""drinkable""}', '{""property"": ""retainable""}', '{""property"": ""drinkable""}']",{'property': 'retainable'},retainable,0.1111111111111111,0.3333333333333333,0.3333333333333333,0.3333333333333333,0.2222222222222222,{'property': 'retainable'},retainable,0.1111111111111111,0.3333333333333333,0.3333333333333333,0.3333333333333333,0.2222222222222222,{'property': 'drinkable'},drinkable,0.3333333333333333,0.5555555555555556,0.0,0.5555555555555556,0.2222222222222222,{'property': 'containable'},containable,0.3333333333333333,1.0,0.3333333333333333,1.0,0.6666666666666667,{'property': 'potable'},potable,0.3333333333333333,0.3333333333333333,0.0,0.3333333333333333,0.0,0.2444444444444444,0.1111111111111111,0.5111111111111112,1.0,0.2666666666666667,0.6666666666666667,{'property': 'potable'},potable,0.3333333333333333,0.3333333333333333,0.0,0.3333333333333333,0.0,{'property': 'drinkable'},drinkable,0.3333333333333333,0.5555555555555556,0.0,0.5555555555555556,0.2222222222222222,{'property': 'drinkable'},drinkable,0.3333333333333333,0.5555555555555556,0.0,0.5555555555555556,0.2222222222222222,{'property': 'containable'},containable,0.3333333333333333,1.0,0.3333333333333333,1.0,0.6666666666666667,{'property': 'containable'},containable,0.3333333333333333,1.0,0.3333333333333333,1.0,0.6666666666666667,0.3333333333333333,0.3333333333333333,0.6888888888888889,1.0,0.35555555555555557,0.6666666666666667,{'property': 'drinkable'},drinkable,0.3333333333333333,0.5555555555555556,0.0,0.5555555555555556,0.2222222222222222,{'property': 'drinkable'},drinkable,0.3333333333333333,0.5555555555555556,0.0,0.5555555555555556,0.2222222222222222,{'property': 'drinkable'},drinkable,0.3333333333333333,0.5555555555555556,0.0,0.5555555555555556,0.2222222222222222,{'property': 'retainable'},retainable,0.1111111111111111,0.3333333333333333,0.3333333333333333,0.3333333333333333,0.2222222222222222,{'property': 'drinkable'},drinkable,0.3333333333333333,0.5555555555555556,0.0,0.5555555555555556,0.2222222222222222,0.28888888888888886,0.1111111111111111,0.5111111111111111,0.5555555555555556,0.22222222222222224,0.2222222222222222
"I am rather glad I did not see him though for nothing would induce him to wear evening clothes or a shirt front and he insisted on going in his bicycling suit and such a soiled red tie and oh his hair it was really like a crows nest, I don't know what Mr. and Mrs. Woodcock would have said if he had suddenly burst out with that dreadful 'Tommy Atkins.'",a crows nest,nest,crow,soft,canceled,"(canceled, canceled, canceled)","(3, 3, 3)","(4, 4, 4)","(2, 1, 2)",0.5555555555555556,0.2222222222222222,0.7777777777777778,0.022222222,False,0.0,0.7777777777777778,"['{""property"": ""organized""}', '{""property"": ""beautiful""}', '{""property"": ""man-made""}', '{""property"": ""habitable""}', '{""property"": ""habitable""}']","['{""property"": ""inhabited""}', '{""property"": ""furnished""}', '{""property"": ""beautiful""}', '{""property"": ""man-made""}', '{""property"": ""tidy""}']","['{""property"": ""man-made""}', '{""property"": ""orderly""}', '{""property"": ""tidy""}', '{""property"": ""portable""}', '{""property"": ""ordered""}']",{'property': 'organized'},organized,0.3333333333333333,0.5555555555555556,0.3333333333333333,0.5555555555555556,0.2222222222222222,{'property': 'beautiful'},beautiful,0.3333333333333333,0.3333333333333333,0.2222222222222222,0.3333333333333333,0.0,{'property': 'man-made'},man-made,0.0,0.0,0.0,0.0,0.0,{'property': 'habitable'},habitable,0.3333333333333333,0.7777777777777778,0.0,0.7777777777777778,0.4444444444444445,{'property': 'habitable'},habitable,0.3333333333333333,0.7777777777777778,0.0,0.7777777777777778,0.4444444444444445,0.26666666666666666,0.0,0.4888888888888888,0.7777777777777778,0.22222222222222224,0.4444444444444445,{'property': 'inhabited'},inhabited,0.8888888888888888,0.7777777777777778,0.3333333333333333,0.7777777777777778,0.0,{'property': 'furnished'},furnished,0.3333333333333333,0.3333333333333333,0.0,0.3333333333333333,0.0,{'property': 'beautiful'},beautiful,0.3333333333333333,0.3333333333333333,0.3333333333333333,0.3333333333333333,0.0,{'property': 'man-made'},man-made,0.0,0.0,0.0,0.0,0.0,{'property': 'tidy'},tidy,0.2222222222222222,0.3333333333333333,0.1111111111111111,0.3333333333333333,0.1111111111111111,0.3555555555555555,0.0,0.3555555555555555,0.7777777777777778,0.02222222222222222,0.1111111111111111,{'property': 'man-made'},man-made,0.0,0.0,0.0,0.0,0.0,{'property': 'orderly'},orderly,0.2222222222222222,0.3333333333333333,0.1111111111111111,0.3333333333333333,0.1111111111111111,{'property': 'tidy'},tidy,0.2222222222222222,0.3333333333333333,0.1111111111111111,0.3333333333333333,0.1111111111111111,{'property': 'portable'},portable,0.1111111111111111,0.2222222222222222,0.3333333333333333,0.3333333333333333,0.2222222222222222,{'property': 'ordered'},ordered,0.2222222222222222,0.3333333333333333,0.0,0.3333333333333333,0.1111111111111111,0.15555555555555556,0.0,0.26666666666666666,0.3333333333333333,0.11111111111111112,0.2222222222222222
"And when his personality is vividly present in them, the argument, being thrilled with passionate feeling, rises, but heavily like a wounded eagle, into an imaginative world.",a wounded eagle,eagle,wound,powerful,canceled,"(canceled, canceled, canceled)","(2, 1, 1)","(5, 4, 3)","(1, 1, 1)",0.4444444444444445,0.3333333333333333,0.7777777777777778,0.0,False,0.0,0.7777777777777778,"['{""property"": ""harmless""}', '{""property"": ""dominant""}', '{""property"": ""formidable""}', '{""property"": ""fearsome""}', '{""property"": ""harmless""}']","['{""property"": ""dominant""}', '{""property"": ""swift""}', '{""property"": ""majestic""}', '{""property"": ""harmless""}', '{""property"": ""majestic""}']","['{""property"": ""formidable""}', '{""property"": ""formidable""}', '{""property"": ""dominant""}', '{""property"": ""formidable""}', '{""property"": ""formidable""}']",{'property': 'harmless'},harmless,0.5555555555555556,0.2222222222222222,0.0,0.2222222222222222,0.0,{'property': 'dominant'},dominant,0.1111111111111111,0.7777777777777778,0.0,0.7777777777777778,0.6666666666666667,{'property': 'formidable'},formidable,0.2222222222222222,0.7777777777777778,0.0,0.7777777777777778,0.5555555555555556,{'property': 'fearsome'},fearsome,0.2222222222222222,0.6666666666666666,0.3333333333333333,0.6666666666666666,0.4444444444444444,{'property': 'harmless'},harmless,0.5555555555555556,0.1111111111111111,0.0,0.1111111111111111,0.0,0.33333333333333337,0.1111111111111111,0.5111111111111111,0.7777777777777778,0.33333333333333337,0.6666666666666667,{'property': 'dominant'},dominant,0.2222222222222222,0.7777777777777778,0.0,0.7777777777777778,0.5555555555555556,{'property': 'swift'},swift,0.1111111111111111,0.7777777777777778,0.0,0.7777777777777778,0.6666666666666667,{'property': 'majestic'},majestic,0.3333333333333333,0.8888888888888888,0.0,0.8888888888888888,0.5555555555555556,{'property': 'harmless'},harmless,0.5555555555555556,0.2222222222222222,0.0,0.2222222222222222,0.0,{'property': 'majestic'},majestic,0.3333333333333333,0.8888888888888888,0.0,0.8888888888888888,0.5555555555555556,0.3111111111111111,0.1111111111111111,0.7111111111111111,0.8888888888888888,0.4666666666666667,0.6666666666666667,{'property': 'formidable'},formidable,0.2222222222222222,0.7777777777777778,0.0,0.7777777777777778,0.5555555555555556,{'property': 'formidable'},formidable,0.2222222222222222,0.7777777777777778,0.0,0.7777777777777778,0.5555555555555556,{'property': 'dominant'},dominant,0.2222222222222222,0.7777777777777778,0.0,0.7777777777777778,0.5555555555555556,{'property': 'formidable'},formidable,0.2222222222222222,0.7777777777777778,0.0,0.7777777777777778,0.5555555555555556,{'property': 'formidable'},formidable,0.2222222222222222,0.7777777777777778,0.0,0.7777777777777778,0.5555555555555556,0.22222222222222224,0.2222222222222222,0.7777777777777778,0.7777777777777778,0.5555555555555556,0.5555555555555556
"And you, sitting around here like a knot on the wall, saying, I'm going to love these folks no matter how much they hate me.",a knot on the wall,knot,wall,intertwine,canceled,"(canceled, component, canceled)","(1, 3, 2)","(5, 4, 5)","(1, 1, 1)",1.0,0.0,1.0,0.0,False,0.0,1.0,"['{""property"": ""functional""}', '{""property"": ""tying""}', '{""property"": ""tying""}', '{""property"": ""functional""}', '{""property"": ""useful""}']","['{""property"": ""tying""}', '{""property"": ""functional""}', '{""property"": ""functional""}', '{""property"": ""tying""}', '{""property"": ""tying""}']","['{""property"": ""useful""}', '{""property"": ""tieable""}', '{""property"": ""functional""}', '{""property"": ""functional""}', '{""property"": ""useful""}']",{'property': 'functional'},functional,0.0,0.8888888888888888,0.8888888888888888,0.8888888888888888,0.8888888888888888,{'property': 'tying'},tying,0.0,1.0,0.0,1.0,1.0,{'property': 'tying'},tying,0.0,1.0,0.0,1.0,1.0,{'property': 'functional'},functional,0.0,0.8888888888888888,0.8888888888888888,0.8888888888888888,0.8888888888888888,{'property': 'useful'},useful,0.1111111111111111,0.7777777777777778,0.7777777777777778,0.7777777777777778,0.6666666666666667,0.02222222222222222,0.0,0.9111111111111111,1.0,0.888888888888889,1.0,{'property': 'tying'},tying,0.0,1.0,0.0,1.0,1.0,{'property': 'functional'},functional,0.1111111111111111,0.8888888888888888,0.8888888888888888,0.8888888888888888,0.7777777777777777,{'property': 'functional'},functional,0.0,0.8888888888888888,0.8888888888888888,0.8888888888888888,0.8888888888888888,{'property': 'tying'},tying,0.0,1.0,0.0,1.0,1.0,{'property': 'tying'},tying,0.0,1.0,0.0,1.0,1.0,0.02222222222222222,0.0,0.9555555555555555,1.0,0.9333333333333332,1.0,{'property': 'useful'},useful,0.1111111111111111,0.8888888888888888,0.7777777777777778,0.8888888888888888,0.7777777777777777,{'property': 'tieable'},tieable,0.0,1.0,0.3333333333333333,1.0,1.0,{'property': 'functional'},functional,0.0,0.8888888888888888,0.8888888888888888,0.8888888888888888,0.8888888888888888,{'property': 'functional'},functional,0.0,0.8888888888888888,0.8888888888888888,0.8888888888888888,0.8888888888888888,{'property': 'useful'},useful,0.1111111111111111,0.8888888888888888,0.7777777777777778,0.8888888888888888,0.7777777777777777,0.04444444444444444,0.0,0.9111111111111111,1.0,0.8666666666666666,1.0
"i trudge through the sulm and occasional grass patches , that were just as muddy as the zones with no grass , but the new substance that i have encountered .",the zones with no grass,zone,grass,simple,canceled,"(others, canceled, canceled)","(2, 2, 1)","(2, 3, 3)","(1, 2, 2)",0.4444444444444445,0.3333333333333333,0.3333333333333333,0.766666667,False,0.7777777777777778,0.7777777777777778,"['{""property"": ""lush""}', '{""property"": ""lush""}', '{""property"": ""lush""}', '{""property"": ""lush""}', '{""property"": ""lush""}']","['{""property"": ""green""}', '{""property"": ""walkable""}', '{""property"": ""green""}', '{""property"": ""fertile""}', '{""property"": ""lush""}']","['{""property"": ""green""}', '{""property"": ""lush""}', '{""property"": ""lush""}', '{""property"": ""lawned""}', '{""property"": ""lush""}']",{'property': 'lush'},lush,0.0,0.3333333333333333,0.7777777777777778,0.7777777777777778,0.7777777777777778,{'property': 'lush'},lush,0.0,0.3333333333333333,0.7777777777777778,0.7777777777777778,0.7777777777777778,{'property': 'lush'},lush,0.0,0.3333333333333333,0.7777777777777778,0.7777777777777778,0.7777777777777778,{'property': 'lush'},lush,0.0,0.3333333333333333,0.5555555555555556,0.5555555555555556,0.5555555555555556,{'property': 'lush'},lush,0.0,0.3333333333333333,0.6666666666666666,0.6666666666666666,0.6666666666666666,0.0,0.0,0.7111111111111111,0.7777777777777778,0.7111111111111111,0.7777777777777778,{'property': 'green'},green,0.0,0.3333333333333333,0.8888888888888888,0.8888888888888888,0.8888888888888888,{'property': 'walkable'},walkable,0.5555555555555556,0.3333333333333333,0.8888888888888888,0.8888888888888888,0.3333333333333332,{'property': 'green'},green,0.0,0.3333333333333333,0.8888888888888888,0.8888888888888888,0.8888888888888888,{'property': 'fertile'},fertile,0.0,0.3333333333333333,0.3333333333333333,0.3333333333333333,0.3333333333333333,{'property': 'lush'},lush,0.0,0.3333333333333333,0.7777777777777778,0.7777777777777778,0.7777777777777778,0.11111111111111112,0.0,0.7555555555555555,0.8888888888888888,0.6444444444444444,0.8888888888888888,{'property': 'green'},green,0.0,0.3333333333333333,0.8888888888888888,0.8888888888888888,0.8888888888888888,{'property': 'lush'},lush,0.0,0.3333333333333333,0.7777777777777778,0.7777777777777778,0.7777777777777778,{'property': 'lush'},lush,0.0,0.3333333333333333,0.7777777777777778,0.7777777777777778,0.7777777777777778,{'property': 'lawned'},lawned,0.0,0.3333333333333333,0.5555555555555556,0.5555555555555556,0.5555555555555556,{'property': 'lush'},lush,0.0,0.3333333333333333,0.7777777777777778,0.7777777777777778,0.7777777777777778,0.0,0.0,0.7555555555555555,0.8888888888888888,0.7555555555555555,0.8888888888888888
,a dying sun,sun,die,life-giving,canceled,"(canceled, canceled, canceled)","(1, 1, 1)","(3, 5, 4)","(1, 1, 1)",1.0,0.0,1.0,,False,0.0,1.0,"['{""property"": ""warm""}', '{""property"": ""warm""}', '{""property"": ""life-giving""}', '{""property"": ""blindingly bright""}', '{""property"": ""life-giving""}']","['{""property"": ""life-giving""}', '{""property"": ""warm""}', '{""property"": ""life-giving""}', '{""property"": ""blazing""}', '{""property"": ""life-giving""}']","['{""property"": ""warm""}', '{""property"": ""life-giving""}', '{""property"": ""energetic""}', '{""property"": ""life-giving""}', '{""property"": ""warm""}']",{'property': 'warm'},warm,0.3333333333333333,1.0,0.0,1.0,0.6666666666666667,{'property': 'warm'},warm,0.3333333333333333,1.0,0.0,1.0,0.6666666666666667,{'property': 'life-giving'},life-giving,0.0,1.0,0.0,1.0,1.0,{'property': 'blindingly bright'},blindingly bright,0.3333333333333333,0.8888888888888888,0.0,0.8888888888888888,0.5555555555555556,{'property': 'life-giving'},life-giving,0.0,1.0,0.0,1.0,1.0,0.2,0.0,0.9777777777777779,1.0,0.7777777777777779,1.0,{'property': 'life-giving'},life-giving,0.0,1.0,0.0,1.0,1.0,{'property': 'warm'},warm,0.3333333333333333,1.0,0.0,1.0,0.6666666666666667,{'property': 'life-giving'},life-giving,0.0,1.0,0.0,1.0,1.0,{'property': 'blazing'},blazing,0.3333333333333333,0.8888888888888888,0.0,0.8888888888888888,0.5555555555555556,{'property': 'life-giving'},life-giving,0.0,1.0,0.0,1.0,1.0,0.13333333333333333,0.0,0.9777777777777779,1.0,0.8444444444444444,1.0,{'property': 'warm'},warm,0.3333333333333333,1.0,0.0,1.0,0.6666666666666667,{'property': 'life-giving'},life-giving,0.0,1.0,0.0,1.0,1.0,{'property': 'energetic'},energetic,0.1111111111111111,1.0,0.0,1.0,0.8888888888888888,{'property': 'life-giving'},life-giving,0.0,1.0,0.0,1.0,1.0,{'property': 'warm'},warm,0.3333333333333333,1.0,0.0,1.0,0.6666666666666667,0.15555555555555553,0.0,1.0,1.0,0.8444444444444444,1.0
"One is of an aurora, and you've never seen you know, sort of like northern lights.",northern lights,light,northern,invisible,canceled,"(canceled, canceled, canceled)","(1, 1, 1)","(1, 1, 1)","(3, 1, 1)",0.0,0.0,0.0,0.322222222,False,0.0,0.0,"['{""property"": ""man-made""}', '{""property"": ""man-made""}', '{""property"": ""visible during the day""}', '{""property"": ""visible""}', '{""property"": ""visible during the day""}']","['{""property"": ""hot""}', '{""property"": ""warm""}', '{""property"": ""man-made""}', '{""property"": ""man-made""}', '{""property"": ""visible in most locations""}']","['{""property"": ""visible to the naked eye everywhere""}', '{""property"": ""visible in all parts of the world""}', '{""property"": ""visible during the day""}', '{""property"": ""warm""}', '{""property"": ""visible from everywhere""}']",{'property': 'man-made'},man-made,0.0,0.3333333333333333,0.0,0.3333333333333333,0.3333333333333333,{'property': 'man-made'},man-made,0.0,0.3333333333333333,0.0,0.3333333333333333,0.3333333333333333,{'property': 'visible during the day'},visible during the day,0.0,1.0,0.0,1.0,1.0,{'property': 'visible'},visible,0.3333333333333333,1.0,0.3333333333333333,1.0,0.6666666666666667,{'property': 'visible during the day'},visible during the day,0.0,1.0,0.0,1.0,1.0,0.06666666666666667,0.0,0.7333333333333333,1.0,0.6666666666666666,1.0,{'property': 'hot'},hot,0.0,0.3333333333333333,0.0,0.3333333333333333,0.3333333333333333,{'property': 'warm'},warm,0.0,0.5555555555555556,0.1111111111111111,0.5555555555555556,0.5555555555555556,{'property': 'man-made'},man-made,0.0,0.3333333333333333,0.0,0.3333333333333333,0.3333333333333333,{'property': 'man-made'},man-made,0.0,0.3333333333333333,0.0,0.3333333333333333,0.3333333333333333,{'property': 'visible in most locations'},visible in most locations,0.0,0.8888888888888888,0.1111111111111111,0.8888888888888888,0.8888888888888888,0.0,0.0,0.4888888888888888,0.8888888888888888,0.4888888888888888,0.8888888888888888,{'property': 'visible to the naked eye everywhere'},visible to the naked eye everywhere,0.0,0.3333333333333333,0.0,0.3333333333333333,0.3333333333333333,{'property': 'visible in all parts of the world'},visible in all parts of the world,0.0,0.3333333333333333,0.0,0.3333333333333333,0.3333333333333333,{'property': 'visible during the day'},visible during the day,0.0,1.0,0.0,1.0,1.0,{'property': 'warm'},warm,0.0,0.3333333333333333,0.1111111111111111,0.3333333333333333,0.3333333333333333,{'property': 'visible from everywhere'},visible from everywhere,0.0,0.2222222222222222,0.0,0.2222222222222222,0.2222222222222222,0.0,0.0,0.44444444444444436,1.0,0.44444444444444436,1.0
"The general and the girls, having telegraphed for money, had gone to the hotel to wait for the answers, while Bartlett and the Watermelon had remained in the store, Bartlett eager to receive the answer to the joyful congratulations he had sent his broker on the success of his plan, and the Watermelon because he scorned to run away like a whipped cur, preferring Bartlett to know who he was.",a whipped cur,cur,whip,sting,canceled,"(canceled, canceled, component)","(1, 4, 5)","(1, 3, 2)","(3, 4, 5)",0.5555555555555556,0.2222222222222222,0.0,0.833333333,False,0.7777777777777778,0.7777777777777778,"['{""property"": ""mean""}', '{""property"": ""unpleasant""}', '{""property"": ""mean""}', '{""property"": ""mean""}', '{""property"": ""unfriendly""}']","['{""property"": ""unpleasant""}', '{""property"": ""unpleasantly aggressive""}', '{""property"": ""lazy""}', '{""property"": ""mean""}', '{""property"": ""mean""}']","['{""property"": ""fierce""}', '{""property"": ""mean""}', '{""property"": ""mean""}', '{""property"": ""mean""}', '{""property"": ""mean""}']",{'property': 'mean'},mean,0.1111111111111111,0.5555555555555556,0.6666666666666666,0.6666666666666666,0.5555555555555556,{'property': 'unpleasant'},unpleasant,0.7777777777777778,0.7777777777777778,0.7777777777777778,0.7777777777777778,0.0,{'property': 'mean'},mean,0.1111111111111111,0.5555555555555556,0.6666666666666666,0.6666666666666666,0.5555555555555556,{'property': 'mean'},mean,0.1111111111111111,0.5555555555555556,0.6666666666666666,0.6666666666666666,0.5555555555555556,{'property': 'unfriendly'},unfriendly,0.1111111111111111,0.3333333333333333,0.6666666666666666,0.6666666666666666,0.5555555555555556,0.24444444444444446,0.1111111111111111,0.6888888888888889,0.7777777777777778,0.4444444444444445,0.5555555555555556,{'property': 'unpleasant'},unpleasant,0.7777777777777778,0.7777777777777778,0.7777777777777778,0.7777777777777778,0.0,{'property': 'unpleasantly aggressive'},unpleasantly aggressive,0.1111111111111111,0.7777777777777778,0.7777777777777778,0.7777777777777778,0.6666666666666667,{'property': 'lazy'},lazy,0.5555555555555556,0.3333333333333333,0.0,0.3333333333333333,0.0,{'property': 'mean'},mean,0.1111111111111111,0.5555555555555556,0.6666666666666666,0.6666666666666666,0.5555555555555556,{'property': 'mean'},mean,0.1111111111111111,0.5555555555555556,0.5555555555555556,0.5555555555555556,0.4444444444444445,0.33333333333333337,0.1111111111111111,0.6222222222222221,0.7777777777777778,0.33333333333333337,0.6666666666666667,{'property': 'fierce'},fierce,0.0,0.3333333333333333,0.5555555555555556,0.5555555555555556,0.5555555555555556,{'property': 'mean'},mean,0.1111111111111111,0.5555555555555556,0.5555555555555556,0.5555555555555556,0.4444444444444445,{'property': 'mean'},mean,0.1111111111111111,0.5555555555555556,0.6666666666666666,0.6666666666666666,0.5555555555555556,{'property': 'mean'},mean,0.1111111111111111,0.5555555555555556,0.6666666666666666,0.6666666666666666,0.5555555555555556,{'property': 'mean'},mean,0.1111111111111111,0.5555555555555556,0.6666666666666666,0.6666666666666666,0.5555555555555556,0.08888888888888888,0.0,0.6222222222222221,0.6666666666666666,0.5333333333333334,0.5555555555555556
,a post in the mud,post,mud,delivered,canceled,"(canceled, others, canceled)","(1, 1, 1)","(3, 3, 2)","(1, 1, 1)",0.5555555555555556,0.0,0.5555555555555556,,False,0.0,0.5555555555555556,"['{""property"": ""stable""}', '{""property"": ""stable""}', '{""property"": ""stable""}', '{""property"": ""stable""}', '{""property"": ""stable""}']","['{""property"": ""stable""}', '{""property"": ""stable""}', '{""property"": ""stable""}', '{""property"": ""stable""}', '{""property"": ""stable""}']","['{""property"": ""stable""}', '{""property"": ""stable""}', '{""property"": ""stable""}', '{""property"": ""stable""}', '{""property"": ""stable""}']",{'property': 'stable'},stable,0.7777777777777778,0.7777777777777778,0.1111111111111111,0.7777777777777778,0.0,{'property': 'stable'},stable,0.7777777777777778,0.7777777777777778,0.1111111111111111,0.7777777777777778,0.0,{'property': 'stable'},stable,0.7777777777777778,0.7777777777777778,0.2222222222222222,0.7777777777777778,0.0,{'property': 'stable'},stable,0.7777777777777778,0.7777777777777778,0.2222222222222222,0.7777777777777778,0.0,{'property': 'stable'},stable,0.5555555555555556,0.7777777777777778,0.2222222222222222,0.7777777777777778,0.2222222222222222,0.7333333333333334,0.5555555555555556,0.7777777777777778,0.7777777777777778,0.04444444444444444,0.2222222222222222,{'property': 'stable'},stable,0.7777777777777778,0.7777777777777778,0.1111111111111111,0.7777777777777778,0.0,{'property': 'stable'},stable,0.7777777777777778,0.7777777777777778,0.2222222222222222,0.7777777777777778,0.0,{'property': 'stable'},stable,0.7777777777777778,0.7777777777777778,0.1111111111111111,0.7777777777777778,0.0,{'property': 'stable'},stable,0.7777777777777778,0.7777777777777778,0.1111111111111111,0.7777777777777778,0.0,{'property': 'stable'},stable,0.7777777777777778,0.7777777777777778,0.1111111111111111,0.7777777777777778,0.0,0.7777777777777778,0.7777777777777778,0.7777777777777778,0.7777777777777778,0.0,0.0,{'property': 'stable'},stable,0.7777777777777778,0.7777777777777778,0.1111111111111111,0.7777777777777778,0.0,{'property': 'stable'},stable,0.7777777777777778,0.7777777777777778,0.1111111111111111,0.7777777777777778,0.0,{'property': 'stable'},stable,0.7777777777777778,0.7777777777777778,0.2222222222222222,0.7777777777777778,0.0,{'property': 'stable'},stable,0.7777777777777778,0.7777777777777778,0.2222222222222222,0.7777777777777778,0.0,{'property': 'stable'},stable,0.7777777777777778,0.7777777777777778,0.2222222222222222,0.7777777777777778,0.0,0.7777777777777778,0.7777777777777778,0.7777777777777778,0.7777777777777778,0.0,0.0
,a man with a tail,man,tail,Human,canceled,"(component, canceled, canceled)","(3, 1, 2)","(5, 5, 5)","(1, 1, 1)",0.6666666666666667,0.3333333333333333,1.0,,False,0.0,1.0,"['{""property"": ""bipedal""}', '{""property"": ""human""}', '{""property"": ""bipedal""}', '{""property"": ""human""}', '{""property"": ""human""}']","['{""property"": ""normal""}', '{""property"": ""typically human""}', '{""property"": ""human""}', '{""property"": ""human""}', '{""property"": ""typically bipedal""}']","['{""property"": ""typical""}', '{""property"": ""bipedal""}', '{""property"": ""biped""}', '{""property"": ""bipedal""}', '{""property"": ""biped""}']",{'property': 'bipedal'},bipedal,0.8888888888888888,0.8888888888888888,0.0,0.8888888888888888,0.0,{'property': 'human'},human,0.3333333333333333,1.0,0.0,1.0,0.6666666666666667,{'property': 'bipedal'},bipedal,0.8888888888888888,1.0,0.0,1.0,0.1111111111111111,{'property': 'human'},human,0.1111111111111111,1.0,0.0,1.0,0.8888888888888888,{'property': 'human'},human,0.1111111111111111,1.0,0.0,1.0,0.8888888888888888,0.4666666666666666,0.1111111111111111,0.9777777777777779,1.0,0.5111111111111111,0.8888888888888888,{'property': 'normal'},normal,0.1111111111111111,0.5555555555555556,0.5555555555555556,0.5555555555555556,0.4444444444444445,{'property': 'typically human'},typically human,0.1111111111111111,1.0,0.0,1.0,0.8888888888888888,{'property': 'human'},human,0.1111111111111111,1.0,0.0,1.0,0.8888888888888888,{'property': 'human'},human,0.1111111111111111,1.0,0.0,1.0,0.8888888888888888,{'property': 'typically bipedal'},typically bipedal,0.8888888888888888,1.0,0.0,1.0,0.1111111111111111,0.26666666666666666,0.1111111111111111,0.9111111111111111,1.0,0.6444444444444445,0.8888888888888888,{'property': 'typical'},typical,0.0,0.3333333333333333,0.5555555555555556,0.5555555555555556,0.5555555555555556,{'property': 'bipedal'},bipedal,0.8888888888888888,0.8888888888888888,0.0,0.8888888888888888,0.0,{'property': 'biped'},biped,0.8888888888888888,1.0,0.0,1.0,0.1111111111111111,{'property': 'bipedal'},bipedal,0.8888888888888888,0.8888888888888888,0.0,0.8888888888888888,0.0,{'property': 'biped'},biped,0.8888888888888888,0.8888888888888888,0.0,0.8888888888888888,0.0,0.711111111111111,0.0,0.8444444444444444,1.0,0.13333333333333336,0.5555555555555556
,a white raven,raven,white,black,canceled,"(canceled, canceled, canceled)","(2, 1, 1)","(5, 5, 5)","(1, 1, 1)",0.8888888888888888,0.0,0.8888888888888888,,False,0.0,0.8888888888888888,"['{""property"": ""black""}', '{""property"": ""black""}', '{""property"": ""black""}', '{""property"": ""common""}', '{""property"": ""black""}']","['{""property"": ""black""}', '{""property"": ""black""}', '{""property"": ""common""}', '{""property"": ""common""}', '{""property"": ""black""}']","['{""property"": ""common""}', '{""property"": ""common""}', '{""property"": ""black""}', '{""property"": ""black""}', '{""property"": ""black""}']",{'property': 'black'},black,0.0,0.8888888888888888,0.0,0.8888888888888888,0.8888888888888888,{'property': 'black'},black,0.0,1.0,0.0,1.0,1.0,{'property': 'black'},black,0.0,1.0,0.0,1.0,1.0,{'property': 'common'},common,0.0,0.6666666666666666,0.5555555555555556,0.6666666666666666,0.6666666666666666,{'property': 'black'},black,0.0,0.8888888888888888,0.0,0.8888888888888888,0.8888888888888888,0.0,0.0,0.888888888888889,1.0,0.888888888888889,1.0,{'property': 'black'},black,0.0,1.0,0.0,1.0,1.0,{'property': 'black'},black,0.0,0.8888888888888888,0.0,0.8888888888888888,0.8888888888888888,{'property': 'common'},common,0.0,0.7777777777777778,0.7777777777777778,0.7777777777777778,0.7777777777777778,{'property': 'common'},common,0.0,0.6666666666666666,0.5555555555555556,0.6666666666666666,0.6666666666666666,{'property': 'black'},black,0.0,0.8888888888888888,0.0,0.8888888888888888,0.8888888888888888,0.0,0.0,0.8444444444444443,1.0,0.8444444444444443,1.0,{'property': 'common'},common,0.0,0.6666666666666666,0.7777777777777778,0.7777777777777778,0.7777777777777778,{'property': 'common'},common,0.0,0.6666666666666666,0.5555555555555556,0.6666666666666666,0.6666666666666666,{'property': 'black'},black,0.0,1.0,0.0,1.0,1.0,{'property': 'black'},black,0.0,0.8888888888888888,0.0,0.8888888888888888,0.8888888888888888,{'property': 'black'},black,0.0,0.8888888888888888,0.0,0.8888888888888888,0.8888888888888888,0.0,0.0,0.8444444444444444,1.0,0.8444444444444444,1.0
"When, after many hours, we ventured to go forth, we found every thing as before not one lay differentlyall were as stiff as wooden figures.",wooden figures,figure,wooden,real,canceled,"(canceled, canceled, canceled)","(2, 2, 3)","(3, 4, 4)","(2, 1, 2)",0.7777777777777778,0.0,0.3333333333333333,0.855555556,False,0.7777777777777778,0.7777777777777778,"['{""property"": ""breathing""}', '{""property"": ""flexible""}', '{""property"": ""flexible""}', '{""property"": ""flexible""}', '{""property"": ""flexible""}']","['{""property"": ""flexible""}', '{""property"": ""flexible""}', '{""property"": ""alive""}', '{""property"": ""flexible""}', '{""property"": ""alive""}']","['{""property"": ""living""}', '{""property"": ""flexible""}', '{""property"": ""breathable""}', '{""property"": ""warm""}', '{""property"": ""living""}']",{'property': 'breathing'},breathing,0.0,0.0,0.0,0.0,0.0,{'property': 'flexible'},flexible,0.0,0.3333333333333333,0.0,0.3333333333333333,0.3333333333333333,{'property': 'flexible'},flexible,0.0,0.3333333333333333,0.0,0.3333333333333333,0.3333333333333333,{'property': 'flexible'},flexible,0.0,0.3333333333333333,0.0,0.3333333333333333,0.3333333333333333,{'property': 'flexible'},flexible,0.0,0.3333333333333333,0.1111111111111111,0.3333333333333333,0.3333333333333333,0.0,0.0,0.26666666666666666,0.3333333333333333,0.26666666666666666,0.3333333333333333,{'property': 'flexible'},flexible,0.0,0.3333333333333333,0.0,0.3333333333333333,0.3333333333333333,{'property': 'flexible'},flexible,0.0,0.3333333333333333,0.1111111111111111,0.3333333333333333,0.3333333333333333,{'property': 'alive'},alive,0.0,0.0,0.0,0.0,0.0,{'property': 'flexible'},flexible,0.0,0.3333333333333333,0.0,0.3333333333333333,0.3333333333333333,{'property': 'alive'},alive,0.0,0.0,0.0,0.0,0.0,0.0,0.0,0.2,0.3333333333333333,0.2,0.3333333333333333,{'property': 'living'},living,0.0,0.0,0.0,0.0,0.0,{'property': 'flexible'},flexible,0.0,0.3333333333333333,0.0,0.3333333333333333,0.3333333333333333,{'property': 'breathable'},breathable,0.0,0.0,0.0,0.0,0.0,{'property': 'warm'},warm,0.2222222222222222,0.0,0.5555555555555556,0.5555555555555556,0.3333333333333333,{'property': 'living'},living,0.0,0.0,0.0,0.0,0.0,0.04444444444444444,0.0,0.17777777777777776,0.5555555555555556,0.13333333333333333,0.3333333333333333
"Saibal Chatterjee of NDTV wrote To sum up, OMG 2 aspires to be as sharp as a scalpel but is actually as blunt as the back of a knife.",the back of a knife,back,knife,cut,canceled,"(canceled, canceled, canceled)","(3, 1, 2)","(1, 1, 2)","(5, 5, 5)",0.8888888888888888,0.0,0.3333333333333333,0.9,False,0.8888888888888888,0.8888888888888888,"['{""property"": ""sharp""}', '{""property"": ""sharp""}', '{""property"": ""sharp""}', '{""property"": ""sharp""}', '{""property"": ""sharp""}']","['{""property"": ""sharp""}', '{""property"": ""sharp""}', '{""property"": ""sharp""}', '{""property"": ""sharp""}', '{""property"": ""sharp""}']","['{""property"": ""sharp""}', '{""property"": ""sharp""}', '{""property"": ""sharp""}', '{""property"": ""sharp""}', '{""property"": ""sharp""}']",{'property': 'sharp'},sharp,0.0,0.0,0.8888888888888888,0.8888888888888888,0.8888888888888888,{'property': 'sharp'},sharp,0.0,0.0,0.8888888888888888,0.8888888888888888,0.8888888888888888,{'property': 'sharp'},sharp,0.0,0.0,0.8888888888888888,0.8888888888888888,0.8888888888888888,{'property': 'sharp'},sharp,0.0,0.0,0.8888888888888888,0.8888888888888888,0.8888888888888888,{'property': 'sharp'},sharp,0.0,0.0,0.8888888888888888,0.8888888888888888,0.8888888888888888,0.0,0.0,0.888888888888889,0.8888888888888888,0.888888888888889,0.8888888888888888,{'property': 'sharp'},sharp,0.0,0.0,0.8888888888888888,0.8888888888888888,0.8888888888888888,{'property': 'sharp'},sharp,0.0,0.0,0.8888888888888888,0.8888888888888888,0.8888888888888888,{'property': 'sharp'},sharp,0.0,0.0,0.8888888888888888,0.8888888888888888,0.8888888888888888,{'property': 'sharp'},sharp,0.0,0.0,0.8888888888888888,0.8888888888888888,0.8888888888888888,{'property': 'sharp'},sharp,0.0,0.0,0.8888888888888888,0.8888888888888888,0.8888888888888888,0.0,0.0,0.888888888888889,0.8888888888888888,0.888888888888889,0.8888888888888888,{'property': 'sharp'},sharp,0.0,0.0,0.8888888888888888,0.8888888888888888,0.8888888888888888,{'property': 'sharp'},sharp,0.0,0.0,0.8888888888888888,0.8888888888888888,0.8888888888888888,{'property': 'sharp'},sharp,0.0,0.0,0.8888888888888888,0.8888888888888888,0.8888888888888888,{'property': 'sharp'},sharp,0.0,0.0,0.8888888888888888,0.8888888888888888,0.8888888888888888,{'property': 'sharp'},sharp,0.0,0.0,0.8888888888888888,0.8888888888888888,0.8888888888888888,0.0,0.0,0.888888888888889,0.8888888888888888,0.888888888888889,0.8888888888888888
"When the Daredevil Knight, the master of riding, brought up the rear of the line, his horse, tooa sinewy chestnut chargerstood on his haunches and then came down gracefully on his knees as if making an obeisance to the Queen, then rose and stood as still as a bronze horse.",a bronze horse,horse,bronze,muscular,canceled,"(canceled, canceled, component)","(1, 2, 3)","(5, 5, 4)","(1, 1, 1)",0.4444444444444445,0.3333333333333333,0.7777777777777778,0.444444444,False,0.0,0.7777777777777778,"['{""property"": ""valuable""}', '{""property"": ""valuable""}', '{""property"": ""living""}', '{""property"": ""valuable""}', '{""property"": ""valuable""}']","['{""property"": ""valuable""}', '{""property"": ""common""}', '{""property"": ""valuable""}', '{""property"": ""valuable""}', '{""property"": ""valuable""}']","['{""property"": ""valuable""}', '{""property"": ""valuable as currency""}', '{""property"": ""common""}', '{""property"": ""valuable""}', '{""property"": ""metallic""}']",{'property': 'valuable'},valuable,0.3333333333333333,0.7777777777777778,0.5555555555555556,0.7777777777777778,0.4444444444444445,{'property': 'valuable'},valuable,0.3333333333333333,0.7777777777777778,0.5555555555555556,0.7777777777777778,0.4444444444444445,{'property': 'living'},living,0.0,1.0,0.0,1.0,1.0,{'property': 'valuable'},valuable,0.3333333333333333,0.7777777777777778,0.3333333333333333,0.7777777777777778,0.4444444444444445,{'property': 'valuable'},valuable,0.3333333333333333,0.7777777777777778,0.3333333333333333,0.7777777777777778,0.4444444444444445,0.26666666666666666,0.0,0.8222222222222222,1.0,0.5555555555555556,1.0,{'property': 'valuable'},valuable,0.3333333333333333,0.7777777777777778,0.5555555555555556,0.7777777777777778,0.4444444444444445,{'property': 'common'},common,0.3333333333333333,0.7777777777777778,0.5555555555555556,0.7777777777777778,0.4444444444444445,{'property': 'valuable'},valuable,0.3333333333333333,0.7777777777777778,0.3333333333333333,0.7777777777777778,0.4444444444444445,{'property': 'valuable'},valuable,0.3333333333333333,0.7777777777777778,0.5555555555555556,0.7777777777777778,0.4444444444444445,{'property': 'valuable'},valuable,0.3333333333333333,0.7777777777777778,0.3333333333333333,0.7777777777777778,0.4444444444444445,0.3333333333333333,0.3333333333333333,0.7777777777777778,0.7777777777777778,0.4444444444444445,0.4444444444444445,{'property': 'valuable'},valuable,0.3333333333333333,0.7777777777777778,0.3333333333333333,0.7777777777777778,0.4444444444444445,{'property': 'valuable as currency'},valuable as currency,0.0,0.2222222222222222,0.1111111111111111,0.2222222222222222,0.2222222222222222,{'property': 'common'},common,0.2222222222222222,0.7777777777777778,0.5555555555555556,0.7777777777777778,0.5555555555555556,{'property': 'valuable'},valuable,0.3333333333333333,0.7777777777777778,0.3333333333333333,0.7777777777777778,0.4444444444444445,{'property': 'metallic'},metallic,1.0,0.0,1.0,1.0,0.0,0.37777777777777777,0.0,0.711111111111111,1.0,0.33333333333333337,0.5555555555555556
,a released prisoner,prisoner,release,punished,canceled,"(component, canceled, canceled)","(4, 3, 1)","(4, 5, 5)","(1, 2, 1)",0.4444444444444444,0.2222222222222222,0.6666666666666666,,False,0.0,0.6666666666666666,"['{""property"": ""incarcerated""}', '{""property"": ""incarcerated""}', '{""property"": ""imprisoned""}', '{""property"": ""imprisoned""}', '{""property"": ""imprisoned""}']","['{""property"": ""imprisoned""}', '{""property"": ""imprisoned""}', '{""property"": ""imprisoned""}', '{""property"": ""incarcerated""}', '{""property"": ""imprisoned""}']","['{""property"": ""imprisoned""}', '{""property"": ""imprisoned""}', '{""property"": ""imprisoned""}', '{""property"": ""imprisoned""}', '{""property"": ""imprisoned""}']",{'property': 'incarcerated'},incarcerated,0.0,1.0,0.0,1.0,1.0,{'property': 'incarcerated'},incarcerated,0.0,0.8888888888888888,0.0,0.8888888888888888,0.8888888888888888,{'property': 'imprisoned'},imprisoned,0.0,1.0,0.0,1.0,1.0,{'property': 'imprisoned'},imprisoned,0.0,1.0,0.0,1.0,1.0,{'property': 'imprisoned'},imprisoned,0.0,1.0,0.0,1.0,1.0,0.0,0.0,0.9777777777777779,1.0,0.9777777777777779,1.0,{'property': 'imprisoned'},imprisoned,0.0,1.0,0.0,1.0,1.0,{'property': 'imprisoned'},imprisoned,0.0,1.0,0.0,1.0,1.0,{'property': 'imprisoned'},imprisoned,0.0,1.0,0.0,1.0,1.0,{'property': 'incarcerated'},incarcerated,0.0,0.8888888888888888,0.0,0.8888888888888888,0.8888888888888888,{'property': 'imprisoned'},imprisoned,0.0,1.0,0.0,1.0,1.0,0.0,0.0,0.9777777777777779,1.0,0.9777777777777779,1.0,{'property': 'imprisoned'},imprisoned,0.0,1.0,0.0,1.0,1.0,{'property': 'imprisoned'},imprisoned,0.0,1.0,0.0,1.0,1.0,{'property': 'imprisoned'},imprisoned,0.0,1.0,0.0,1.0,1.0,{'property': 'imprisoned'},imprisoned,0.0,1.0,0.0,1.0,1.0,{'property': 'imprisoned'},imprisoned,0.0,1.0,0.0,1.0,1.0,0.0,0.0,1.0,1.0,1.0,1.0
Can it be held in good faith that Buddhism could be rubbed away like the bloom from a grape and leave the Burmese people substantially unaffected?,the bloom from a grape,bloom,grape,fragile,canceled,"(canceled, canceled, component)","(2, 5, 4)","(2, 4, 5)","(3, 3, 4)",0.0,0.8888888888888888,0.5555555555555556,0.533333333,False,0.7777777777777778,0.7777777777777778,"['{""property"": ""inedible""}', '{""property"": ""edible""}', '{""property"": ""edible""}', '{""property"": ""inedible""}', '{""property"": ""inedible""}']","['{""property"": ""edible""}', '{""property"": ""edible""}', '{""property"": ""edible""}', '{""property"": ""edible""}', '{""property"": ""edible""}']","['{""property"": ""edible""}', '{""property"": ""edible""}', '{""property"": ""edible""}', '{""property"": ""edible""}', '{""property"": ""edible""}']",{'property': 'inedible'},inedible,0.3333333333333333,0.3333333333333333,0.0,0.3333333333333333,0.0,{'property': 'edible'},edible,0.3333333333333333,0.3333333333333333,1.0,1.0,0.6666666666666667,{'property': 'edible'},edible,0.3333333333333333,0.1111111111111111,1.0,1.0,0.6666666666666667,{'property': 'inedible'},inedible,0.3333333333333333,0.3333333333333333,0.0,0.3333333333333333,0.0,{'property': 'inedible'},inedible,0.3333333333333333,0.3333333333333333,0.0,0.3333333333333333,0.0,0.3333333333333333,0.3333333333333333,0.6,1.0,0.2666666666666667,0.6666666666666667,{'property': 'edible'},edible,0.3333333333333333,0.3333333333333333,1.0,1.0,0.6666666666666667,{'property': 'edible'},edible,0.3333333333333333,0.3333333333333333,1.0,1.0,0.6666666666666667,{'property': 'edible'},edible,0.3333333333333333,0.3333333333333333,1.0,1.0,0.6666666666666667,{'property': 'edible'},edible,0.3333333333333333,0.1111111111111111,1.0,1.0,0.6666666666666667,{'property': 'edible'},edible,0.3333333333333333,0.3333333333333333,1.0,1.0,0.6666666666666667,0.3333333333333333,0.3333333333333333,1.0,1.0,0.6666666666666667,0.6666666666666667,{'property': 'edible'},edible,0.3333333333333333,0.3333333333333333,1.0,1.0,0.6666666666666667,{'property': 'edible'},edible,0.3333333333333333,0.3333333333333333,1.0,1.0,0.6666666666666667,{'property': 'edible'},edible,0.3333333333333333,0.1111111111111111,1.0,1.0,0.6666666666666667,{'property': 'edible'},edible,0.3333333333333333,0.1111111111111111,1.0,1.0,0.6666666666666667,{'property': 'edible'},edible,0.3333333333333333,0.3333333333333333,1.0,1.0,0.6666666666666667,0.3333333333333333,0.3333333333333333,1.0,1.0,0.6666666666666667,0.6666666666666667
,an explosion in reverse,explosion,reverse,shockwave,canceled,"(canceled, canceled, component)","(1, 1, 2)","(4, 5, 5)","(1, 1, 1)",1.0,0.0,1.0,,False,0.0,1.0,"['{""property"": ""loud""}', '{""property"": ""violent""}', '{""property"": ""destructive""}', '{""property"": ""loud""}', '{""property"": ""violent""}']","['{""property"": ""destructive""}', '{""property"": ""destructive""}', '{""property"": ""destructive""}', '{""property"": ""violent""}', '{""property"": ""violent""}']","['{""property"": ""destruction""}', '{""property"": ""destruction""}', '{""property"": ""destructive""}', '{""property"": ""destructive""}', '{""property"": ""destruction""}']",{'property': 'loud'},loud,0.0,1.0,0.0,1.0,1.0,{'property': 'violent'},violent,0.0,1.0,0.0,1.0,1.0,{'property': 'destructive'},destructive,0.0,1.0,0.0,1.0,1.0,{'property': 'loud'},loud,0.0,1.0,0.0,1.0,1.0,{'property': 'violent'},violent,0.0,1.0,0.0,1.0,1.0,0.0,0.0,1.0,1.0,1.0,1.0,{'property': 'destructive'},destructive,0.0,1.0,0.0,1.0,1.0,{'property': 'destructive'},destructive,0.0,1.0,0.0,1.0,1.0,{'property': 'destructive'},destructive,0.0,1.0,0.0,1.0,1.0,{'property': 'violent'},violent,0.0,1.0,0.0,1.0,1.0,{'property': 'violent'},violent,0.0,1.0,0.0,1.0,1.0,0.0,0.0,1.0,1.0,1.0,1.0,{'property': 'destruction'},destruction,0.0,0.8888888888888888,0.0,0.8888888888888888,0.8888888888888888,{'property': 'destruction'},destruction,0.0,0.8888888888888888,0.0,0.8888888888888888,0.8888888888888888,{'property': 'destructive'},destructive,0.0,1.0,0.0,1.0,1.0,{'property': 'destructive'},destructive,0.0,1.0,0.0,1.0,1.0,{'property': 'destruction'},destruction,0.0,0.8888888888888888,0.0,0.8888888888888888,0.8888888888888888,0.0,0.0,0.9333333333333332,1.0,0.9333333333333332,1.0
,the Martian atmosphere,atmosphere,martian,Oxygen-rich,canceled,"(canceled, canceled, canceled)","(1, 1, 3)","(4, 4, 5)","(1, 2, 1)",0.5555555555555556,0.0,0.5555555555555556,,False,0.0,0.5555555555555556,"['{""property"": ""breathable""}', '{""property"": ""breathable""}', '{""property"": ""breathable""}', '{""property"": ""breathable""}', '{""property"": ""breathable""}']","['{""property"": ""breathable""}', '{""property"": ""breathable""}', '{""property"": ""breathable""}', '{""property"": ""breathable""}', '{""property"": ""breathable""}']","['{""property"": ""breathable""}', '{""property"": ""breathable""}', '{""property"": ""breathable""}', '{""property"": ""breathable""}', '{""property"": ""breathable""}']",{'property': 'breathable'},breathable,0.0,0.3333333333333333,0.0,0.3333333333333333,0.3333333333333333,{'property': 'breathable'},breathable,0.0,0.5555555555555556,0.0,0.5555555555555556,0.5555555555555556,{'property': 'breathable'},breathable,0.0,0.3333333333333333,0.0,0.3333333333333333,0.3333333333333333,{'property': 'breathable'},breathable,0.0,0.3333333333333333,0.0,0.3333333333333333,0.3333333333333333,{'property': 'breathable'},breathable,0.0,0.3333333333333333,0.0,0.3333333333333333,0.3333333333333333,0.0,0.0,0.3777777777777777,0.5555555555555556,0.3777777777777777,0.5555555555555556,{'property': 'breathable'},breathable,0.0,0.5555555555555556,0.0,0.5555555555555556,0.5555555555555556,{'property': 'breathable'},breathable,0.0,0.3333333333333333,0.0,0.3333333333333333,0.3333333333333333,{'property': 'breathable'},breathable,0.0,0.5555555555555556,0.0,0.5555555555555556,0.5555555555555556,{'property': 'breathable'},breathable,0.0,0.3333333333333333,0.0,0.3333333333333333,0.3333333333333333,{'property': 'breathable'},breathable,0.0,0.5555555555555556,0.0,0.5555555555555556,0.5555555555555556,0.0,0.0,0.4666666666666666,0.5555555555555556,0.4666666666666666,0.5555555555555556,{'property': 'breathable'},breathable,0.0,0.5555555555555556,0.0,0.5555555555555556,0.5555555555555556,{'property': 'breathable'},breathable,0.0,0.3333333333333333,0.0,0.3333333333333333,0.3333333333333333,{'property': 'breathable'},breathable,0.0,0.5555555555555556,0.0,0.5555555555555556,0.5555555555555556,{'property': 'breathable'},breathable,0.0,0.3333333333333333,0.0,0.3333333333333333,0.3333333333333333,{'property': 'breathable'},breathable,0.0,0.3333333333333333,0.0,0.3333333333333333,0.3333333333333333,0.0,0.0,0.4222222222222222,0.5555555555555556,0.4222222222222222,0.5555555555555556
"Well, what I'm telling you is just as certain as the passage of time.",the passage of time,passage,time,navigable,canceled,"(canceled, canceled, others)","(1, 1, 1)","(4, 4, 3)","(1, 1, 1)",0.5555555555555556,0.0,0.5555555555555556,0.0,False,0.0,0.5555555555555556,"['{""property"": ""measurable""}', '{""property"": ""physical""}', '{""property"": ""measurable""}', '{""property"": ""measurable""}', '{""property"": ""speed""}']","['{""property"": ""measurable""}', '{""property"": ""speed""}', '{""property"": ""physical""}', '{""property"": ""measurable""}', '{""property"": ""speed""}']","['{""property"": ""measurable""}', '{""property"": ""tangible""}', '{""property"": ""measurable""}', '{""property"": ""measurable""}', '{""property"": ""spatial""}']",{'property': 'measurable'},measurable,0.8888888888888888,0.3333333333333333,1.0,1.0,0.1111111111111111,{'property': 'physical'},physical,0.0,0.3333333333333333,0.0,0.3333333333333333,0.3333333333333333,{'property': 'measurable'},measurable,1.0,0.3333333333333333,1.0,1.0,0.0,{'property': 'measurable'},measurable,0.5555555555555556,0.3333333333333333,1.0,1.0,0.4444444444444444,{'property': 'speed'},speed,0.3333333333333333,0.3333333333333333,0.3333333333333333,0.3333333333333333,0.0,0.5555555555555556,0.0,0.7333333333333333,1.0,0.17777777777777776,0.4444444444444444,{'property': 'measurable'},measurable,0.8888888888888888,0.3333333333333333,1.0,1.0,0.1111111111111111,{'property': 'speed'},speed,0.3333333333333333,0.3333333333333333,0.3333333333333333,0.3333333333333333,0.0,{'property': 'physical'},physical,0.0,0.3333333333333333,0.0,0.3333333333333333,0.3333333333333333,{'property': 'measurable'},measurable,0.8888888888888888,0.3333333333333333,1.0,1.0,0.1111111111111111,{'property': 'speed'},speed,0.3333333333333333,0.3333333333333333,0.3333333333333333,0.3333333333333333,0.0,0.4888888888888888,0.0,0.6,1.0,0.11111111111111112,0.3333333333333333,{'property': 'measurable'},measurable,0.8888888888888888,0.3333333333333333,1.0,1.0,0.1111111111111111,{'property': 'tangible'},tangible,0.0,0.0,0.0,0.0,0.0,{'property': 'measurable'},measurable,0.7777777777777778,0.3333333333333333,1.0,1.0,0.2222222222222222,{'property': 'measurable'},measurable,1.0,0.3333333333333333,1.0,1.0,0.0,{'property': 'spatial'},spatial,0.0,0.7777777777777778,0.0,0.7777777777777778,0.7777777777777778,0.5333333333333333,0.0,0.7555555555555555,1.0,0.22222222222222224,0.7777777777777778
"I didnt care where Prakash moved next, he was only lashing out now like a caged animal, terrified that The board flashed red, indicating a checkmate.",a caged animal,animal,cage,restrictive,canceled,"(canceled, canceled, component)","(1, 1, 5)","(1, 1, 1)","(4, 5, 5)",0.0,0.8888888888888888,0.0,0.988888889,False,0.8888888888888888,0.8888888888888888,"['{""property"": ""free""}', '{""property"": ""free""}', '{""property"": ""free""}', '{""property"": ""free""}', '{""property"": ""free""}']","['{""property"": ""free""}', '{""property"": ""free""}', '{""property"": ""free""}', '{""property"": ""free""}', '{""property"": ""free""}']","['{""property"": ""free""}', '{""property"": ""free""}', '{""property"": ""free""}', '{""property"": ""free""}', '{""property"": ""free""}']",{'property': 'free'},free,0.0,0.3333333333333333,0.0,0.3333333333333333,0.3333333333333333,{'property': 'free'},free,0.0,0.3333333333333333,0.0,0.3333333333333333,0.3333333333333333,{'property': 'free'},free,0.0,0.3333333333333333,0.0,0.3333333333333333,0.3333333333333333,{'property': 'free'},free,0.0,0.3333333333333333,0.0,0.3333333333333333,0.3333333333333333,{'property': 'free'},free,0.0,0.3333333333333333,0.0,0.3333333333333333,0.3333333333333333,0.0,0.0,0.3333333333333333,0.3333333333333333,0.3333333333333333,0.3333333333333333,{'property': 'free'},free,0.0,0.3333333333333333,0.0,0.3333333333333333,0.3333333333333333,{'property': 'free'},free,0.0,0.3333333333333333,0.0,0.3333333333333333,0.3333333333333333,{'property': 'free'},free,0.0,0.3333333333333333,0.0,0.3333333333333333,0.3333333333333333,{'property': 'free'},free,0.0,0.3333333333333333,0.0,0.3333333333333333,0.3333333333333333,{'property': 'free'},free,0.0,0.3333333333333333,0.0,0.3333333333333333,0.3333333333333333,0.0,0.0,0.3333333333333333,0.3333333333333333,0.3333333333333333,0.3333333333333333,{'property': 'free'},free,0.0,0.3333333333333333,0.0,0.3333333333333333,0.3333333333333333,{'property': 'free'},free,0.0,0.3333333333333333,0.0,0.3333333333333333,0.3333333333333333,{'property': 'free'},free,0.0,0.3333333333333333,0.0,0.3333333333333333,0.3333333333333333,{'property': 'free'},free,0.0,0.3333333333333333,0.0,0.3333333333333333,0.3333333333333333,{'property': 'free'},free,0.0,0.3333333333333333,0.0,0.3333333333333333,0.3333333333333333,0.0,0.0,0.3333333333333333,0.3333333333333333,0.3333333333333333,0.3333333333333333
"You can even use that one as I've seen your roasts, you are about as clever as canned ham.",canned ham,ham,can,recyclable,canceled,"(canceled, canceled, others)","(1, 1, 4)","(1, 1, 1)","(4, 4, 4)",0.3333333333333332,0.5555555555555556,0.0,0.877777778,False,0.8888888888888888,0.8888888888888888,"['{""property"": ""fresh""}', '{""property"": ""fresh""}', '{""property"": ""fresh""}', '{""property"": ""perishable""}', '{""property"": ""fresh""}']","['{""property"": ""fresh""}', '{""property"": ""fresh""}', '{""property"": ""fresh""}', '{""property"": ""fresh""}', '{""property"": ""fresh""}']","['{""property"": ""raw""}', '{""property"": ""raw""}', '{""property"": ""perishable""}', '{""property"": ""fresh""}', '{""property"": ""fresh""}']",{'property': 'fresh'},fresh,0.0,0.3333333333333333,0.3333333333333333,0.3333333333333333,0.3333333333333333,{'property': 'fresh'},fresh,0.0,0.3333333333333333,0.3333333333333333,0.3333333333333333,0.3333333333333333,{'property': 'fresh'},fresh,0.0,0.3333333333333333,0.3333333333333333,0.3333333333333333,0.3333333333333333,{'property': 'perishable'},perishable,0.2222222222222222,0.8888888888888888,0.1111111111111111,0.8888888888888888,0.6666666666666666,{'property': 'fresh'},fresh,0.0,0.3333333333333333,0.3333333333333333,0.3333333333333333,0.3333333333333333,0.04444444444444444,0.0,0.4444444444444445,0.8888888888888888,0.39999999999999997,0.6666666666666666,{'property': 'fresh'},fresh,0.0,0.3333333333333333,0.3333333333333333,0.3333333333333333,0.3333333333333333,{'property': 'fresh'},fresh,0.0,0.3333333333333333,0.3333333333333333,0.3333333333333333,0.3333333333333333,{'property': 'fresh'},fresh,0.0,0.3333333333333333,0.3333333333333333,0.3333333333333333,0.3333333333333333,{'property': 'fresh'},fresh,0.0,0.3333333333333333,0.3333333333333333,0.3333333333333333,0.3333333333333333,{'property': 'fresh'},fresh,0.0,0.3333333333333333,0.3333333333333333,0.3333333333333333,0.3333333333333333,0.0,0.0,0.3333333333333333,0.3333333333333333,0.3333333333333333,0.3333333333333333,{'property': 'raw'},raw,0.0,0.0,0.0,0.0,0.0,{'property': 'raw'},raw,0.0,0.0,0.0,0.0,0.0,{'property': 'perishable'},perishable,0.2222222222222222,0.8888888888888888,0.1111111111111111,0.8888888888888888,0.6666666666666666,{'property': 'fresh'},fresh,0.0,0.3333333333333333,0.3333333333333333,0.3333333333333333,0.3333333333333333,{'property': 'fresh'},fresh,0.0,0.3333333333333333,0.3333333333333333,0.3333333333333333,0.3333333333333333,0.04444444444444444,0.0,0.31111111111111106,0.8888888888888888,0.26666666666666666,0.6666666666666666
"Those bootie things are difficult for dogs to get used to, they inhibit the dog's footing, they slide off in water, and they are as appropriate as a sweater on a dog.",a sweater on a dog,sweater,dog,friendly,canceled,"(canceled, canceled, canceled)","(1, 1, 1)","(1, 1, 1)","(4, 4, 4)",0.4444444444444445,0.3333333333333333,0.0,0.888888889,False,0.7777777777777778,0.7777777777777778,"['{""property"": ""fashionable""}', '{""property"": ""fashionable""}', '{""property"": ""fashionable""}', '{""property"": ""fashionable""}', '{""property"": ""worn by a human""}']","['{""property"": ""fashionable""}', '{""property"": ""fashionable""}', '{""property"": ""fashionable""}', '{""property"": ""fashionable""}', '{""property"": ""fashionable""}']","['{""property"": ""fashionable""}', '{""property"": ""fashionable""}', '{""property"": ""fashionable""}', '{""property"": ""fashionable""}', '{""property"": ""fashionable""}']",{'property': 'fashionable'},fashionable,0.5555555555555556,0.3333333333333333,0.2222222222222222,0.3333333333333333,0.0,{'property': 'fashionable'},fashionable,0.3333333333333333,0.3333333333333333,0.2222222222222222,0.3333333333333333,0.0,{'property': 'fashionable'},fashionable,0.3333333333333333,0.3333333333333333,0.2222222222222222,0.3333333333333333,0.0,{'property': 'fashionable'},fashionable,0.3333333333333333,0.3333333333333333,0.2222222222222222,0.3333333333333333,0.0,{'property': 'worn by a human'},worn by a human,0.0,0.7777777777777778,0.0,0.7777777777777778,0.7777777777777778,0.31111111111111106,0.0,0.4222222222222222,0.7777777777777778,0.15555555555555556,0.7777777777777778,{'property': 'fashionable'},fashionable,0.5555555555555556,0.3333333333333333,0.2222222222222222,0.3333333333333333,0.0,{'property': 'fashionable'},fashionable,0.3333333333333333,0.3333333333333333,0.2222222222222222,0.3333333333333333,0.0,{'property': 'fashionable'},fashionable,0.3333333333333333,0.3333333333333333,0.2222222222222222,0.3333333333333333,0.0,{'property': 'fashionable'},fashionable,0.3333333333333333,0.3333333333333333,0.2222222222222222,0.3333333333333333,0.0,{'property': 'fashionable'},fashionable,0.3333333333333333,0.3333333333333333,0.1111111111111111,0.3333333333333333,0.0,0.3777777777777777,0.3333333333333333,0.3333333333333333,0.3333333333333333,0.0,0.0,{'property': 'fashionable'},fashionable,0.5555555555555556,0.3333333333333333,0.2222222222222222,0.3333333333333333,0.0,{'property': 'fashionable'},fashionable,0.3333333333333333,0.3333333333333333,0.2222222222222222,0.3333333333333333,0.0,{'property': 'fashionable'},fashionable,0.5555555555555556,0.3333333333333333,0.2222222222222222,0.3333333333333333,0.0,{'property': 'fashionable'},fashionable,0.3333333333333333,0.3333333333333333,0.2222222222222222,0.3333333333333333,0.0,{'property': 'fashionable'},fashionable,0.5555555555555556,0.3333333333333333,0.2222222222222222,0.3333333333333333,0.0,0.4666666666666666,0.3333333333333333,0.3333333333333333,0.3333333333333333,0.0,0.0
,an unhinged jaw,jaw,unhinged,masticatory,canceled,"(canceled, canceled, canceled)","(1, 1, 1)","(4, 5, 5)","(1, 2, 1)",0.6666666666666667,0.3333333333333333,1.0,,False,0.0,1.0,"['{""property"": ""attractive""}', '{""property"": ""stable""}', '{""property"": ""mobile""}', '{""property"": ""movable""}', '{""property"": ""stable""}']","['{""property"": ""stable""}', '{""property"": ""functional""}', '{""property"": ""functional""}', '{""property"": ""functional""}', '{""property"": ""hinged""}']","['{""property"": ""functional""}', '{""property"": ""functional""}', '{""property"": ""stable""}', '{""property"": ""movable""}', '{""property"": ""stable""}']",{'property': 'attractive'},attractive,0.0,0.3333333333333333,0.2222222222222222,0.3333333333333333,0.3333333333333333,{'property': 'stable'},stable,0.0,0.8888888888888888,0.0,0.8888888888888888,0.8888888888888888,{'property': 'mobile'},mobile,0.8888888888888888,1.0,0.3333333333333333,1.0,0.1111111111111111,{'property': 'movable'},movable,1.0,1.0,0.3333333333333333,1.0,0.0,{'property': 'stable'},stable,0.0,0.8888888888888888,0.0,0.8888888888888888,0.8888888888888888,0.37777777777777777,0.0,0.8222222222222222,1.0,0.4444444444444445,0.8888888888888888,{'property': 'stable'},stable,0.0,0.8888888888888888,0.0,0.8888888888888888,0.8888888888888888,{'property': 'functional'},functional,0.3333333333333333,1.0,0.0,1.0,0.6666666666666667,{'property': 'functional'},functional,0.3333333333333333,1.0,0.0,1.0,0.6666666666666667,{'property': 'functional'},functional,0.3333333333333333,1.0,0.0,1.0,0.6666666666666667,{'property': 'hinged'},hinged,0.0,1.0,0.0,1.0,1.0,0.2,0.0,0.9777777777777779,1.0,0.7777777777777779,1.0,{'property': 'functional'},functional,0.3333333333333333,1.0,0.0,1.0,0.6666666666666667,{'property': 'functional'},functional,0.3333333333333333,1.0,0.0,1.0,0.6666666666666667,{'property': 'stable'},stable,0.0,0.7777777777777778,0.0,0.7777777777777778,0.7777777777777778,{'property': 'movable'},movable,1.0,1.0,0.3333333333333333,1.0,0.0,{'property': 'stable'},stable,0.0,0.8888888888888888,0.0,0.8888888888888888,0.8888888888888888,0.3333333333333333,0.0,0.9333333333333332,1.0,0.6,0.8888888888888888
Why do you stand staring there like a wax image?,a wax image,image,wax,"varied formats (e.g., jpeg, png)",canceled,"(canceled, canceled, canceled)","(1, 1, 1)","(5, 5, 5)","(1, 1, 1)",1.0,0.0,1.0,,False,0.0,1.0,"['{""property"": ""lifelike""}', '{""property"": ""breathing""}', '{""property"": ""breathing""}', '{""property"": ""breathing""}', '{""property"": ""breathing""}']","['{""property"": ""warm""}', '{""property"": ""warm""}', '{""property"": ""warm""}', '{""property"": ""breathing""}', '{""property"": ""warm""}']","['{""property"": ""breathing""}', '{""property"": ""warm""}', '{""property"": ""breathing""}', '{""property"": ""breathing""}', '{""property"": ""warm""}']",{'property': 'lifelike'},lifelike,0.3333333333333333,0.3333333333333333,0.0,0.3333333333333333,0.0,{'property': 'breathing'},breathing,0.0,0.0,0.0,0.0,0.0,{'property': 'breathing'},breathing,0.0,0.0,0.0,0.0,0.0,{'property': 'breathing'},breathing,0.0,0.0,0.0,0.0,0.0,{'property': 'breathing'},breathing,0.0,0.0,0.0,0.0,0.0,0.06666666666666667,0.0,0.06666666666666667,0.3333333333333333,0.0,0.0,{'property': 'warm'},warm,0.0,0.3333333333333333,0.1111111111111111,0.3333333333333333,0.3333333333333333,{'property': 'warm'},warm,0.0,0.3333333333333333,0.1111111111111111,0.3333333333333333,0.3333333333333333,{'property': 'warm'},warm,0.0,0.3333333333333333,0.1111111111111111,0.3333333333333333,0.3333333333333333,{'property': 'breathing'},breathing,0.0,0.0,0.0,0.0,0.0,{'property': 'warm'},warm,0.0,0.3333333333333333,0.1111111111111111,0.3333333333333333,0.3333333333333333,0.0,0.0,0.26666666666666666,0.3333333333333333,0.26666666666666666,0.3333333333333333,{'property': 'breathing'},breathing,0.0,0.0,0.0,0.0,0.0,{'property': 'warm'},warm,0.0,0.3333333333333333,0.3333333333333333,0.3333333333333333,0.3333333333333333,{'property': 'breathing'},breathing,0.0,0.0,0.0,0.0,0.0,{'property': 'breathing'},breathing,0.0,0.0,0.0,0.0,0.0,{'property': 'warm'},warm,0.0,0.0,0.3333333333333333,0.3333333333333333,0.3333333333333333,0.0,0.0,0.13333333333333333,0.3333333333333333,0.13333333333333333,0.3333333333333333
"However, they could not keep the presents a secret, as Phil knew about them, and finally Nan told Ran the whole story, ending with We're just like girls in a book, aren't we?",girls in a book,girl,book,readable,canceled,"(canceled, component, canceled)","(4, 2, 1)","(3, 5, 1)","(4, 2, 5)",0.3333333333333332,0.5555555555555556,0.0,0.977777778,False,0.8888888888888888,0.8888888888888888,"['{""property"": ""female""}', '{""property"": ""female""}', '{""property"": ""feminine""}', '{""property"": ""female""}', '{""property"": ""feminine""}']","['{""property"": ""masculine""}', '{""property"": ""female""}', '{""property"": ""male""}', '{""property"": ""feminine""}', '{""property"": ""female""}']","['{""property"": ""mobile""}', '{""property"": ""adult""}', '{""property"": ""masculine""}', '{""property"": ""feminine""}', '{""property"": ""female""}']",{'property': 'female'},female,1.0,1.0,0.0,1.0,0.0,{'property': 'female'},female,0.8888888888888888,1.0,0.0,1.0,0.1111111111111111,{'property': 'feminine'},feminine,0.5555555555555556,0.8888888888888888,0.0,0.8888888888888888,0.3333333333333332,{'property': 'female'},female,1.0,1.0,0.0,1.0,0.0,{'property': 'feminine'},feminine,0.6666666666666666,0.8888888888888888,0.0,0.8888888888888888,0.2222222222222222,0.8222222222222223,0.5555555555555556,0.9555555555555555,1.0,0.1333333333333333,0.3333333333333332,{'property': 'masculine'},masculine,0.0,0.0,0.0,0.0,0.0,{'property': 'female'},female,1.0,1.0,0.0,1.0,0.0,{'property': 'male'},male,0.0,0.0,0.0,0.0,0.0,{'property': 'feminine'},feminine,0.5555555555555556,0.8888888888888888,0.0,0.8888888888888888,0.3333333333333332,{'property': 'female'},female,1.0,1.0,0.0,1.0,0.0,0.5111111111111111,0.0,0.5777777777777777,1.0,0.06666666666666664,0.3333333333333332,{'property': 'mobile'},mobile,0.0,0.3333333333333333,0.0,0.3333333333333333,0.3333333333333333,{'property': 'adult'},adult,0.1111111111111111,0.0,0.3333333333333333,0.3333333333333333,0.2222222222222222,{'property': 'masculine'},masculine,0.0,0.0,0.0,0.0,0.0,{'property': 'feminine'},feminine,0.5555555555555556,0.8888888888888888,0.0,0.8888888888888888,0.3333333333333332,{'property': 'female'},female,1.0,1.0,0.0,1.0,0.0,0.33333333333333337,0.0,0.5111111111111111,1.0,0.17777777777777776,0.3333333333333333
"But this I'm not sure if this is the eye or close to the eye, but it certainly feels kind of like the an eye of the storm based on what we have seen earlier and what we are told to expect later in the day.",the an eye of the storm,eye,storm,volatile,canceled,"(component, canceled, canceled)","(3, 1, 2)","(1, 1, 2)","(5, 5, 3)",0.5555555555555556,0.3333333333333333,0.0,0.9,False,0.8888888888888888,0.8888888888888888,"['{""property"": ""visible""}', '{""property"": ""peaceful""}', '{""property"": ""visible""}', '{""property"": ""calm""}', '{""property"": ""visible""}']","['{""property"": ""visible""}', '{""property"": ""visible""}', '{""property"": ""visible""}', '{""property"": ""visible""}', '{""property"": ""visible""}']","['{""property"": ""visible""}', '{""property"": ""visible""}', '{""property"": ""visible""}', '{""property"": ""visible""}', '{""property"": ""calm""}']",{'property': 'visible'},visible,0.3333333333333333,0.8888888888888888,0.5555555555555556,0.8888888888888888,0.5555555555555556,{'property': 'peaceful'},peaceful,0.8888888888888888,0.1111111111111111,0.0,0.1111111111111111,0.0,{'property': 'visible'},visible,0.3333333333333333,0.8888888888888888,0.5555555555555556,0.8888888888888888,0.5555555555555556,{'property': 'calm'},calm,1.0,0.3333333333333333,0.0,0.3333333333333333,0.0,{'property': 'visible'},visible,0.3333333333333333,0.8888888888888888,0.5555555555555556,0.8888888888888888,0.5555555555555556,0.5777777777777777,0.3333333333333333,0.6222222222222222,0.8888888888888888,0.33333333333333337,0.5555555555555556,{'property': 'visible'},visible,0.3333333333333333,0.8888888888888888,0.5555555555555556,0.8888888888888888,0.5555555555555556,{'property': 'visible'},visible,0.3333333333333333,0.8888888888888888,0.5555555555555556,0.8888888888888888,0.5555555555555556,{'property': 'visible'},visible,0.3333333333333333,0.8888888888888888,0.5555555555555556,0.8888888888888888,0.5555555555555556,{'property': 'visible'},visible,0.3333333333333333,0.8888888888888888,0.5555555555555556,0.8888888888888888,0.5555555555555556,{'property': 'visible'},visible,0.3333333333333333,0.8888888888888888,0.5555555555555556,0.8888888888888888,0.5555555555555556,0.3333333333333333,0.3333333333333333,0.888888888888889,0.8888888888888888,0.5555555555555556,0.5555555555555556,{'property': 'visible'},visible,0.3333333333333333,0.8888888888888888,0.5555555555555556,0.8888888888888888,0.5555555555555556,{'property': 'visible'},visible,0.3333333333333333,0.8888888888888888,0.5555555555555556,0.8888888888888888,0.5555555555555556,{'property': 'visible'},visible,0.3333333333333333,0.8888888888888888,0.5555555555555556,0.8888888888888888,0.5555555555555556,{'property': 'visible'},visible,0.3333333333333333,0.8888888888888888,0.5555555555555556,0.8888888888888888,0.5555555555555556,{'property': 'calm'},calm,1.0,0.3333333333333333,0.0,0.3333333333333333,0.0,0.4666666666666666,0.3333333333333333,0.7777777777777778,0.8888888888888888,0.4444444444444445,0.5555555555555556
"Were rather darkish hued ourself, Yet will annihilate the elf, Who says in earnest, or in jokes Were not as good as whiter folks.",whiter folks,folk,whiter,traditional,canceled,"(canceled, canceled, canceled)","(2, 1, 1)","(5, 5, 4)","(1, 1, 1)",0.3333333333333332,0.5555555555555556,0.8888888888888888,0.333333333,False,0.3333333333333333,0.8888888888888888,"['{""property"": ""colored""}', '{""property"": ""minority""}', '{""property"": ""racially diverse""}', '{""property"": ""colored""}', '{""property"": ""racially diverse""}']","['{""property"": ""dark-skinned""}', '{""property"": ""non-caucasian""}', '{""property"": ""dark-skinned""}', '{""property"": ""colored""}', '{""property"": ""minority""}']","['{""property"": ""minority""}', '{""property"": ""minority""}', '{""property"": ""diverse""}', '{""property"": ""colored""}', '{""property"": ""minority""}']",{'property': 'colored'},colored,0.0,0.0,0.3333333333333333,0.3333333333333333,0.3333333333333333,{'property': 'minority'},minority,0.0,0.3333333333333333,0.0,0.3333333333333333,0.3333333333333333,{'property': 'racially diverse'},racially diverse,0.0,0.3333333333333333,0.0,0.3333333333333333,0.3333333333333333,{'property': 'colored'},colored,0.0,0.0,0.0,0.0,0.0,{'property': 'racially diverse'},racially diverse,0.0,0.3333333333333333,0.0,0.3333333333333333,0.3333333333333333,0.0,0.0,0.26666666666666666,0.3333333333333333,0.26666666666666666,0.3333333333333333,{'property': 'dark-skinned'},dark-skinned,0.0,0.0,0.0,0.0,0.0,{'property': 'non-caucasian'},non-caucasian,0.0,0.3333333333333333,0.0,0.3333333333333333,0.3333333333333333,{'property': 'dark-skinned'},dark-skinned,0.0,0.0,0.0,0.0,0.0,{'property': 'colored'},colored,0.0,0.0,0.0,0.0,0.0,{'property': 'minority'},minority,0.0,0.3333333333333333,0.0,0.3333333333333333,0.3333333333333333,0.0,0.0,0.13333333333333333,0.3333333333333333,0.13333333333333333,0.3333333333333333,{'property': 'minority'},minority,0.0,0.3333333333333333,0.0,0.3333333333333333,0.3333333333333333,{'property': 'minority'},minority,0.0,0.3333333333333333,0.0,0.3333333333333333,0.3333333333333333,{'property': 'diverse'},diverse,0.0,0.3333333333333333,0.0,0.3333333333333333,0.3333333333333333,{'property': 'colored'},colored,0.0,0.0,0.3333333333333333,0.3333333333333333,0.3333333333333333,{'property': 'minority'},minority,0.0,0.3333333333333333,0.0,0.3333333333333333,0.3333333333333333,0.0,0.0,0.3333333333333333,0.3333333333333333,0.3333333333333333,0.3333333333333333
That's just like the basket thing.,the basket thing,thing,basket,handwoven,canceled,"(others, canceled, canceled)","(2, 2, 1)","(1, 1, 1)","(4, 5, 4)",0.0,0.3333333333333333,0.0,,False,0.3333333333333333,0.3333333333333333,"['{""property"": ""portable""}', '{""property"": ""portable""}', '{""property"": ""portable""}', '{""property"": ""portable""}', '{""property"": ""portable""}']","['{""property"": ""portable""}', '{""property"": ""portable""}', '{""property"": ""portable""}', '{""property"": ""portable""}', '{""property"": ""portable""}']","['{""property"": ""portable""}', '{""property"": ""portable""}', '{""property"": ""portable""}', '{""property"": ""portable""}', '{""property"": ""portable""}']",{'property': 'portable'},portable,0.3333333333333333,0.3333333333333333,0.7777777777777778,0.7777777777777778,0.4444444444444445,{'property': 'portable'},portable,0.3333333333333333,0.3333333333333333,0.8888888888888888,0.8888888888888888,0.5555555555555556,{'property': 'portable'},portable,0.3333333333333333,0.3333333333333333,0.8888888888888888,0.8888888888888888,0.5555555555555556,{'property': 'portable'},portable,0.3333333333333333,0.3333333333333333,0.8888888888888888,0.8888888888888888,0.5555555555555556,{'property': 'portable'},portable,0.5555555555555556,0.3333333333333333,0.8888888888888888,0.8888888888888888,0.3333333333333332,0.37777777777777777,0.3333333333333333,0.8666666666666666,0.8888888888888888,0.4888888888888888,0.5555555555555556,{'property': 'portable'},portable,0.3333333333333333,0.3333333333333333,0.8888888888888888,0.8888888888888888,0.5555555555555556,{'property': 'portable'},portable,0.5555555555555556,0.3333333333333333,0.8888888888888888,0.8888888888888888,0.3333333333333332,{'property': 'portable'},portable,0.5555555555555556,0.3333333333333333,0.8888888888888888,0.8888888888888888,0.3333333333333332,{'property': 'portable'},portable,0.3333333333333333,0.3333333333333333,0.8888888888888888,0.8888888888888888,0.5555555555555556,{'property': 'portable'},portable,0.5555555555555556,0.3333333333333333,0.8888888888888888,0.8888888888888888,0.3333333333333332,0.4666666666666666,0.3333333333333333,0.888888888888889,0.8888888888888888,0.42222222222222217,0.5555555555555556,{'property': 'portable'},portable,0.5555555555555556,0.3333333333333333,0.8888888888888888,0.8888888888888888,0.3333333333333332,{'property': 'portable'},portable,0.3333333333333333,0.3333333333333333,0.8888888888888888,0.8888888888888888,0.5555555555555556,{'property': 'portable'},portable,0.3333333333333333,0.3333333333333333,0.8888888888888888,0.8888888888888888,0.5555555555555556,{'property': 'portable'},portable,0.3333333333333333,0.3333333333333333,0.8888888888888888,0.8888888888888888,0.5555555555555556,{'property': 'portable'},portable,0.3333333333333333,0.3333333333333333,0.8888888888888888,0.8888888888888888,0.5555555555555556,0.3777777777777777,0.3333333333333333,0.888888888888889,0.8888888888888888,0.5111111111111111,0.5555555555555556
"As feeble as my escape attempt was i decide he was right, Danny was about as coordinated as a wedding in vegas. ",a wedding in vegas,wedding,vegas,tradition,canceled,"(others, canceled, canceled)","(3, 2, 3)","(5, 5, 5)","(2, 2, 2)",0.5555555555555556,0.3333333333333333,0.8888888888888888,,False,0.2222222222222222,0.8888888888888888,"['{""property"": ""long-planned""}', '{""property"": ""long-planned""}', '{""property"": ""formal""}', '{""property"": ""long-planned""}', '{""property"": ""long-planned""}']","['{""property"": ""traditional""}', '{""property"": ""long-planned""}', '{""property"": ""long-planned""}', '{""property"": ""long-planned""}', '{""property"": ""long-planned""}']","['{""property"": ""long-planned""}', '{""property"": ""long-planned""}', '{""property"": ""long-planned""}', '{""property"": ""long-planned""}', '{""property"": ""long-planned""}']",{'property': 'long-planned'},long-planned,0.2222222222222222,0.7777777777777778,0.2222222222222222,0.7777777777777778,0.5555555555555556,{'property': 'long-planned'},long-planned,0.1111111111111111,0.7777777777777778,0.3333333333333333,0.7777777777777778,0.6666666666666667,{'property': 'formal'},formal,0.3333333333333333,0.7777777777777778,0.1111111111111111,0.7777777777777778,0.4444444444444445,{'property': 'long-planned'},long-planned,0.2222222222222222,0.7777777777777778,0.3333333333333333,0.7777777777777778,0.5555555555555556,{'property': 'long-planned'},long-planned,0.2222222222222222,0.7777777777777778,0.3333333333333333,0.7777777777777778,0.5555555555555556,0.22222222222222224,0.1111111111111111,0.7777777777777778,0.7777777777777778,0.5555555555555556,0.6666666666666667,{'property': 'traditional'},traditional,0.1111111111111111,0.7777777777777778,0.2222222222222222,0.7777777777777778,0.6666666666666667,{'property': 'long-planned'},long-planned,0.1111111111111111,0.7777777777777778,0.2222222222222222,0.7777777777777778,0.6666666666666667,{'property': 'long-planned'},long-planned,0.2222222222222222,0.7777777777777778,0.2222222222222222,0.7777777777777778,0.5555555555555556,{'property': 'long-planned'},long-planned,0.2222222222222222,0.7777777777777778,0.3333333333333333,0.7777777777777778,0.5555555555555556,{'property': 'long-planned'},long-planned,0.2222222222222222,0.8888888888888888,0.3333333333333333,0.8888888888888888,0.6666666666666666,0.17777777777777776,0.1111111111111111,0.8,0.8888888888888888,0.6222222222222222,0.6666666666666667,{'property': 'long-planned'},long-planned,0.2222222222222222,0.8888888888888888,0.3333333333333333,0.8888888888888888,0.6666666666666666,{'property': 'long-planned'},long-planned,0.2222222222222222,0.7777777777777778,0.3333333333333333,0.7777777777777778,0.5555555555555556,{'property': 'long-planned'},long-planned,0.2222222222222222,0.7777777777777778,0.3333333333333333,0.7777777777777778,0.5555555555555556,{'property': 'long-planned'},long-planned,0.2222222222222222,0.7777777777777778,0.3333333333333333,0.7777777777777778,0.5555555555555556,{'property': 'long-planned'},long-planned,0.2222222222222222,0.8888888888888888,0.3333333333333333,0.8888888888888888,0.6666666666666666,0.22222222222222224,0.2222222222222222,0.8222222222222222,0.8888888888888888,0.6,0.6666666666666666
"However, there is always a little staff, consisting of a score of women, who represent the grace, and charm, and beauty of Paris, which women, after ten or twelve years service, pass into the reserve, just like the old generals.",the old generals,general,old,unspecific,canceled,"(canceled, canceled, canceled)","(1, 2, 1)","(5, 5, 5)","(2, 1, 1)",0.4444444444444444,0.5555555555555556,1.0,0.733333333,False,1.0,1.0,"['{""property"": ""reliable""}', '{""property"": ""youthful""}', '{""property"": ""reliable""}', '{""property"": ""commanding""}', '{""property"": ""respectful""}']","['{""property"": ""youthful""}', '{""property"": ""ambitious""}', '{""property"": ""young""}', '{""property"": ""young""}', '{""property"": ""active""}']","['{""property"": ""inexperienced""}', '{""property"": ""youthful""}', '{""property"": ""inexperienced""}', '{""property"": ""active""}', '{""property"": ""active""}']",{'property': 'reliable'},reliable,0.5555555555555556,0.7777777777777778,0.3333333333333333,0.7777777777777778,0.2222222222222222,{'property': 'youthful'},youthful,0.0,0.1111111111111111,0.0,0.1111111111111111,0.1111111111111111,{'property': 'reliable'},reliable,0.5555555555555556,0.7777777777777778,0.3333333333333333,0.7777777777777778,0.2222222222222222,{'property': 'commanding'},commanding,0.3333333333333333,0.8888888888888888,0.3333333333333333,0.8888888888888888,0.5555555555555556,{'property': 'respectful'},respectful,0.5555555555555556,0.6666666666666666,0.3333333333333333,0.6666666666666666,0.111111111111111,0.4,0.0,0.6444444444444444,0.8888888888888888,0.2444444444444444,0.5555555555555556,{'property': 'youthful'},youthful,0.0,0.1111111111111111,0.0,0.1111111111111111,0.1111111111111111,{'property': 'ambitious'},ambitious,0.2222222222222222,0.6666666666666666,0.1111111111111111,0.6666666666666666,0.4444444444444444,{'property': 'young'},young,0.0,0.1111111111111111,0.0,0.1111111111111111,0.1111111111111111,{'property': 'young'},young,0.0,0.1111111111111111,0.0,0.1111111111111111,0.1111111111111111,{'property': 'active'},active,0.2222222222222222,0.5555555555555556,0.2222222222222222,0.5555555555555556,0.3333333333333333,0.08888888888888888,0.0,0.3111111111111111,0.6666666666666666,0.22222222222222224,0.4444444444444444,{'property': 'inexperienced'},inexperienced,0.0,0.0,0.0,0.0,0.0,{'property': 'youthful'},youthful,0.0,0.1111111111111111,0.0,0.1111111111111111,0.1111111111111111,{'property': 'inexperienced'},inexperienced,0.0,0.0,0.0,0.0,0.0,{'property': 'active'},active,0.1111111111111111,0.5555555555555556,0.2222222222222222,0.5555555555555556,0.4444444444444445,{'property': 'active'},active,0.1111111111111111,0.6666666666666666,0.2222222222222222,0.6666666666666666,0.5555555555555556,0.04444444444444444,0.0,0.2666666666666667,0.6666666666666666,0.22222222222222224,0.5555555555555556
,a cardboard hammer,hammer,cardboard,metal,canceled,"(canceled, canceled, canceled)","(1, 1, 1)","(4, 4, 5)","(1, 1, 1)",0.8888888888888888,0.0,0.8888888888888888,,False,0.0,0.8888888888888888,"['{""property"": ""heavy""}', '{""property"": ""durable""}', '{""property"": ""heavy""}', '{""property"": ""effective""}', '{""property"": ""heavy""}']","['{""property"": ""functional""}', '{""property"": ""heavy""}', '{""property"": ""effective""}', '{""property"": ""heavy""}', '{""property"": ""durable""}']","['{""property"": ""heavy""}', '{""property"": ""heavy""}', '{""property"": ""heavy""}', '{""property"": ""functional""}', '{""property"": ""effective""}']",{'property': 'heavy'},heavy,0.0,0.5555555555555556,0.1111111111111111,0.5555555555555556,0.5555555555555556,{'property': 'durable'},durable,0.0,0.7777777777777778,0.2222222222222222,0.7777777777777778,0.7777777777777778,{'property': 'heavy'},heavy,0.0,0.5555555555555556,0.1111111111111111,0.5555555555555556,0.5555555555555556,{'property': 'effective'},effective,0.0,0.8888888888888888,0.3333333333333333,0.8888888888888888,0.8888888888888888,{'property': 'heavy'},heavy,0.0,0.5555555555555556,0.0,0.5555555555555556,0.5555555555555556,0.0,0.0,0.6666666666666666,0.8888888888888888,0.6666666666666666,0.8888888888888888,{'property': 'functional'},functional,0.0,0.8888888888888888,0.5555555555555556,0.8888888888888888,0.8888888888888888,{'property': 'heavy'},heavy,0.0,0.5555555555555556,0.0,0.5555555555555556,0.5555555555555556,{'property': 'effective'},effective,0.0,0.8888888888888888,0.3333333333333333,0.8888888888888888,0.8888888888888888,{'property': 'heavy'},heavy,0.0,0.5555555555555556,0.1111111111111111,0.5555555555555556,0.5555555555555556,{'property': 'durable'},durable,0.0,0.7777777777777778,0.2222222222222222,0.7777777777777778,0.7777777777777778,0.0,0.0,0.7333333333333332,0.8888888888888888,0.7333333333333332,0.8888888888888888,{'property': 'heavy'},heavy,0.0,0.5555555555555556,0.0,0.5555555555555556,0.5555555555555556,{'property': 'heavy'},heavy,0.0,0.3333333333333333,0.1111111111111111,0.3333333333333333,0.3333333333333333,{'property': 'heavy'},heavy,0.0,0.5555555555555556,0.1111111111111111,0.5555555555555556,0.5555555555555556,{'property': 'functional'},functional,0.0,0.8888888888888888,0.5555555555555556,0.8888888888888888,0.8888888888888888,{'property': 'effective'},effective,0.0,0.8888888888888888,0.3333333333333333,0.8888888888888888,0.8888888888888888,0.0,0.0,0.6444444444444444,0.8888888888888888,0.6444444444444444,0.8888888888888888
Of what is called business and its management he was as innocent as a babe in arms.,a babe in arms,babe,arm,muscular,canceled,"(canceled, canceled, others)","(1, 1, 1)","(1, 1, 1)","(4, 4, 4)",0.3333333333333333,0.0,0.0,1.0,False,0.3333333333333333,0.3333333333333333,"['{""property"": ""independent""}', '{""property"": ""independent""}', '{""property"": ""independent""}', '{""property"": ""independent""}', '{""property"": ""independent""}']","['{""property"": ""independent""}', '{""property"": ""independent""}', '{""property"": ""independent""}', '{""property"": ""independent""}', '{""property"": ""independent""}']","['{""property"": ""independent""}', '{""property"": ""independent""}', '{""property"": ""independent""}', '{""property"": ""independent""}', '{""property"": ""independent""}']",{'property': 'independent'},independent,0.0,0.3333333333333333,0.0,0.3333333333333333,0.3333333333333333,{'property': 'independent'},independent,0.0,0.3333333333333333,0.0,0.3333333333333333,0.3333333333333333,{'property': 'independent'},independent,0.0,0.3333333333333333,0.1111111111111111,0.3333333333333333,0.3333333333333333,{'property': 'independent'},independent,0.0,0.3333333333333333,0.1111111111111111,0.3333333333333333,0.3333333333333333,{'property': 'independent'},independent,0.0,0.3333333333333333,0.1111111111111111,0.3333333333333333,0.3333333333333333,0.0,0.0,0.3333333333333333,0.3333333333333333,0.3333333333333333,0.3333333333333333,{'property': 'independent'},independent,0.0,0.3333333333333333,0.0,0.3333333333333333,0.3333333333333333,{'property': 'independent'},independent,0.0,0.3333333333333333,0.2222222222222222,0.3333333333333333,0.3333333333333333,{'property': 'independent'},independent,0.0,0.3333333333333333,0.0,0.3333333333333333,0.3333333333333333,{'property': 'independent'},independent,0.0,0.2222222222222222,0.2222222222222222,0.2222222222222222,0.2222222222222222,{'property': 'independent'},independent,0.0,0.3333333333333333,0.0,0.3333333333333333,0.3333333333333333,0.0,0.0,0.3111111111111111,0.3333333333333333,0.3111111111111111,0.3333333333333333,{'property': 'independent'},independent,0.0,0.2222222222222222,0.1111111111111111,0.2222222222222222,0.2222222222222222,{'property': 'independent'},independent,0.0,0.3333333333333333,0.2222222222222222,0.3333333333333333,0.3333333333333333,{'property': 'independent'},independent,0.0,0.3333333333333333,0.1111111111111111,0.3333333333333333,0.3333333333333333,{'property': 'independent'},independent,0.0,0.3333333333333333,0.3333333333333333,0.3333333333333333,0.3333333333333333,{'property': 'independent'},independent,0.0,0.3333333333333333,0.1111111111111111,0.3333333333333333,0.3333333333333333,0.0,0.0,0.31111111111111106,0.3333333333333333,0.31111111111111106,0.3333333333333333
,blood in the water,blood,water,constituent of the circulatory system,canceled,"(canceled, others, canceled)","(2, 2, 1)","(5, 3, 5)","(1, 2, 1)",1.0,0.0,1.0,,False,1.0,1.0,"['{""property"": ""clear""}', '{""property"": ""clear""}', '{""property"": ""clear""}', '{""property"": ""drinking""}', '{""property"": ""clear""}']","['{""property"": ""clear""}', '{""property"": ""clear""}', '{""property"": ""clear""}', '{""property"": ""clear""}', '{""property"": ""clear""}']","['{""property"": ""clear""}', '{""property"": ""clear""}', '{""property"": ""clear""}', '{""property"": ""clear""}', '{""property"": ""clear""}']",{'property': 'clear'},clear,0.0,0.0,0.7777777777777778,0.7777777777777778,0.7777777777777778,{'property': 'clear'},clear,0.0,0.0,0.5555555555555556,0.5555555555555556,0.5555555555555556,{'property': 'clear'},clear,0.0,0.0,0.5555555555555556,0.5555555555555556,0.5555555555555556,{'property': 'drinking'},drinking,0.0,0.3333333333333333,0.8888888888888888,0.8888888888888888,0.8888888888888888,{'property': 'clear'},clear,0.0,0.0,0.5555555555555556,0.5555555555555556,0.5555555555555556,0.0,0.0,0.6666666666666666,0.8888888888888888,0.6666666666666666,0.8888888888888888,{'property': 'clear'},clear,0.0,0.0,0.7777777777777778,0.7777777777777778,0.7777777777777778,{'property': 'clear'},clear,0.0,0.0,0.7777777777777778,0.7777777777777778,0.7777777777777778,{'property': 'clear'},clear,0.0,0.0,0.5555555555555556,0.5555555555555556,0.5555555555555556,{'property': 'clear'},clear,0.0,0.0,0.5555555555555556,0.5555555555555556,0.5555555555555556,{'property': 'clear'},clear,0.0,0.0,0.7777777777777778,0.7777777777777778,0.7777777777777778,0.0,0.0,0.6888888888888889,0.7777777777777778,0.6888888888888889,0.7777777777777778,{'property': 'clear'},clear,0.0,0.0,0.5555555555555556,0.5555555555555556,0.5555555555555556,{'property': 'clear'},clear,0.0,0.0,0.5555555555555556,0.5555555555555556,0.5555555555555556,{'property': 'clear'},clear,0.0,0.0,0.5555555555555556,0.5555555555555556,0.5555555555555556,{'property': 'clear'},clear,0.0,0.0,0.5555555555555556,0.5555555555555556,0.5555555555555556,{'property': 'clear'},clear,0.0,0.0,0.5555555555555556,0.5555555555555556,0.5555555555555556,0.0,0.0,0.5555555555555556,0.5555555555555556,0.5555555555555556,0.5555555555555556
But that was really very like a tap at the window!,a tap at the window,tap,window,hard,canceled,"(canceled, others, canceled)","(2, 3, 2)","(3, 2, 3)","(2, 1, 2)",0.0,0.3333333333333333,0.3333333333333333,0.877777778,False,0.3333333333333333,0.3333333333333333,"['{""property"": ""loud""}', '{""property"": ""visible""}', '{""property"": ""expected""}', '{""property"": ""silent""}', '{""property"": ""functional""}']","['{""property"": ""visible""}', '{""property"": ""usual""}', '{""property"": ""visible""}', '{""property"": ""containing water""}', '{""property"": ""visible""}']","['{""property"": ""usual""}', '{""property"": ""audible""}', '{""property"": ""visible""}', '{""property"": ""visible""}', '{""property"": ""controllable""}']",{'property': 'loud'},loud,0.3333333333333333,0.3333333333333333,0.0,0.3333333333333333,0.0,{'property': 'visible'},visible,0.7777777777777778,0.7777777777777778,0.8888888888888888,0.8888888888888888,0.111111111111111,{'property': 'expected'},expected,0.2222222222222222,0.3333333333333333,0.3333333333333333,0.3333333333333333,0.1111111111111111,{'property': 'silent'},silent,0.3333333333333333,0.3333333333333333,0.8888888888888888,0.8888888888888888,0.5555555555555556,{'property': 'functional'},functional,0.3333333333333333,0.5555555555555556,0.7777777777777778,0.7777777777777778,0.4444444444444445,0.4,0.2222222222222222,0.6444444444444444,0.8888888888888888,0.2444444444444444,0.5555555555555556,{'property': 'visible'},visible,0.5555555555555556,0.7777777777777778,0.8888888888888888,0.8888888888888888,0.3333333333333332,{'property': 'usual'},usual,0.3333333333333333,0.3333333333333333,0.3333333333333333,0.3333333333333333,0.0,{'property': 'visible'},visible,0.7777777777777778,0.7777777777777778,0.8888888888888888,0.8888888888888888,0.111111111111111,{'property': 'containing water'},containing water,0.0,0.5555555555555556,0.0,0.5555555555555556,0.5555555555555556,{'property': 'visible'},visible,0.7777777777777778,0.7777777777777778,0.8888888888888888,0.8888888888888888,0.111111111111111,0.4888888888888888,0.0,0.711111111111111,0.8888888888888888,0.22222222222222215,0.5555555555555556,{'property': 'usual'},usual,0.3333333333333333,0.5555555555555556,0.3333333333333333,0.5555555555555556,0.2222222222222222,{'property': 'audible'},audible,0.7777777777777778,0.5555555555555556,0.0,0.5555555555555556,0.0,{'property': 'visible'},visible,0.7777777777777778,0.7777777777777778,0.8888888888888888,0.8888888888888888,0.111111111111111,{'property': 'visible'},visible,0.5555555555555556,0.7777777777777778,0.8888888888888888,0.8888888888888888,0.3333333333333332,{'property': 'controllable'},controllable,0.3333333333333333,0.8888888888888888,0.3333333333333333,0.8888888888888888,0.5555555555555556,0.5555555555555556,0.3333333333333333,0.7555555555555555,0.8888888888888888,0.24444444444444438,0.5555555555555556
"They suit you, Asher, but you still go in at the waist, and brown trousers look well on legs as straight as billiard cues.",billiard cues,cues,billiard,indicator,canceled,"(canceled, canceled, canceled)","(1, 2, 1)","(5, 4, 4)","(1, 2, 1)",0.6666666666666667,0.1111111111111111,0.7777777777777778,,False,0.1111111111111111,0.7777777777777778,"['{""property"": ""expensive""}', '{""property"": ""sharp""}', '{""property"": ""flexible""}', '{""property"": ""handheld""}', '{""property"": ""sharp""}']","['{""property"": ""portable""}', '{""property"": ""expensive""}', '{""property"": ""portable""}', '{""property"": ""portable""}', '{""property"": ""portable""}']","['{""property"": ""hunting""}', '{""property"": ""handheld""}', '{""property"": ""flexible""}', '{""property"": ""expensive""}', '{""property"": ""sharp""}']",{'property': 'expensive'},expensive,0.3333333333333333,0.1111111111111111,0.3333333333333333,0.3333333333333333,0.0,{'property': 'sharp'},sharp,0.0,0.0,0.0,0.0,0.0,{'property': 'flexible'},flexible,0.3333333333333333,0.5555555555555556,0.1111111111111111,0.5555555555555556,0.2222222222222222,{'property': 'handheld'},handheld,1.0,0.3333333333333333,0.0,0.3333333333333333,0.0,{'property': 'sharp'},sharp,0.0,0.3333333333333333,0.0,0.3333333333333333,0.3333333333333333,0.3333333333333333,0.0,0.31111111111111106,0.5555555555555556,0.11111111111111112,0.3333333333333333,{'property': 'portable'},portable,0.8888888888888888,0.5555555555555556,0.2222222222222222,0.5555555555555556,0.0,{'property': 'expensive'},expensive,0.3333333333333333,0.1111111111111111,0.3333333333333333,0.3333333333333333,0.0,{'property': 'portable'},portable,0.7777777777777778,0.5555555555555556,0.1111111111111111,0.5555555555555556,0.0,{'property': 'portable'},portable,0.8888888888888888,0.5555555555555556,0.1111111111111111,0.5555555555555556,0.0,{'property': 'portable'},portable,0.8888888888888888,0.3333333333333333,0.2222222222222222,0.3333333333333333,0.0,0.7555555555555555,0.3333333333333333,0.4666666666666667,0.5555555555555556,0.0,0.0,{'property': 'hunting'},hunting,0.0,0.3333333333333333,0.0,0.3333333333333333,0.3333333333333333,{'property': 'handheld'},handheld,1.0,0.3333333333333333,0.0,0.3333333333333333,0.0,{'property': 'flexible'},flexible,0.3333333333333333,0.5555555555555556,0.1111111111111111,0.5555555555555556,0.2222222222222222,{'property': 'expensive'},expensive,0.3333333333333333,0.1111111111111111,0.3333333333333333,0.3333333333333333,0.0,{'property': 'sharp'},sharp,0.0,0.0,0.0,0.0,0.0,0.3333333333333333,0.0,0.3111111111111111,0.5555555555555556,0.11111111111111112,0.3333333333333333
"He put it in his mouth and chewed on it a while, but found it as tasteless as cold codfish.",cold codfish,codfish,cold,refresh,canceled,"(canceled, others, canceled)","(2, 1, 1)","(1, 1, 1)","(4, 1, 1)",0.4444444444444445,0.1111111111111111,0.0,0.644444444,False,0.5555555555555556,0.5555555555555556,"['{""property"": ""warm""}', '{""property"": ""warm""}', '{""property"": ""smelly""}', '{""property"": ""warm-blooded""}', '{""property"": ""appetizing""}']","['{""property"": ""warm-blooded""}', '{""property"": ""appetizing""}', '{""property"": ""warm-blooded""}', '{""property"": ""warm""}', '{""property"": ""flavorful""}']","['{""property"": ""warm-blooded""}', '{""property"": ""smelly""}', '{""property"": ""warm""}', '{""property"": ""warm-blooded""}', '{""property"": ""fresh""}']",{'property': 'warm'},warm,0.0,0.0,0.0,0.0,0.0,{'property': 'warm'},warm,0.0,0.0,0.0,0.0,0.0,{'property': 'smelly'},smelly,0.5555555555555556,0.7777777777777778,0.0,0.7777777777777778,0.2222222222222222,{'property': 'warm-blooded'},warm-blooded,0.0,0.0,0.0,0.0,0.0,{'property': 'appetizing'},appetizing,0.2222222222222222,0.5555555555555556,0.0,0.5555555555555556,0.3333333333333333,0.15555555555555556,0.0,0.2666666666666667,0.7777777777777778,0.11111111111111112,0.3333333333333333,{'property': 'warm-blooded'},warm-blooded,0.0,0.0,0.0,0.0,0.0,{'property': 'appetizing'},appetizing,0.1111111111111111,0.5555555555555556,0.0,0.5555555555555556,0.4444444444444445,{'property': 'warm-blooded'},warm-blooded,0.0,0.0,0.0,0.0,0.0,{'property': 'warm'},warm,0.0,0.0,0.0,0.0,0.0,{'property': 'flavorful'},flavorful,0.2222222222222222,0.5555555555555556,0.0,0.5555555555555556,0.3333333333333333,0.06666666666666667,0.0,0.22222222222222224,0.5555555555555556,0.15555555555555556,0.4444444444444445,{'property': 'warm-blooded'},warm-blooded,0.0,0.0,0.0,0.0,0.0,{'property': 'smelly'},smelly,0.5555555555555556,0.7777777777777778,0.0,0.7777777777777778,0.2222222222222222,{'property': 'warm'},warm,0.0,0.0,0.0,0.0,0.0,{'property': 'warm-blooded'},warm-blooded,0.0,0.0,0.0,0.0,0.0,{'property': 'fresh'},fresh,0.2222222222222222,0.3333333333333333,0.3333333333333333,0.3333333333333333,0.1111111111111111,0.15555555555555556,0.0,0.22222222222222224,0.7777777777777778,0.06666666666666667,0.2222222222222222
"her form was beginning to break up , fading in and out like a weak hologram .",a weak hologram,hologram,weak,cool,canceled,"(canceled, canceled, canceled)","(2, 2, 2)","(4, 4, 4)","(2, 1, 1)",0.4444444444444445,0.3333333333333333,0.7777777777777778,0.0,False,0.0,0.7777777777777778,"['{""property"": ""solid""}', '{""property"": ""realistic""}', '{""property"": ""tangible""}', '{""property"": ""detailed""}', '{""property"": ""tangible""}']","['{""property"": ""convincing""}', '{""property"": ""solid""}', '{""property"": ""reliable""}', '{""property"": ""reliable""}', '{""property"": ""convincing""}']","['{""property"": ""reliable""}', '{""property"": ""opaque""}', '{""property"": ""convincing""}', '{""property"": ""convincing""}', '{""property"": ""tangible""}']",{'property': 'solid'},solid,0.0,0.0,0.0,0.0,0.0,{'property': 'realistic'},realistic,0.1111111111111111,0.3333333333333333,0.2222222222222222,0.3333333333333333,0.2222222222222222,{'property': 'tangible'},tangible,0.0,0.0,0.0,0.0,0.0,{'property': 'detailed'},detailed,0.1111111111111111,0.5555555555555556,0.0,0.5555555555555556,0.4444444444444445,{'property': 'tangible'},tangible,0.0,0.0,0.0,0.0,0.0,0.04444444444444444,0.0,0.17777777777777776,0.5555555555555556,0.13333333333333336,0.4444444444444445,{'property': 'convincing'},convincing,0.1111111111111111,0.3333333333333333,0.0,0.3333333333333333,0.2222222222222222,{'property': 'solid'},solid,0.0,0.0,0.0,0.0,0.0,{'property': 'reliable'},reliable,0.0,0.2222222222222222,0.0,0.2222222222222222,0.2222222222222222,{'property': 'reliable'},reliable,0.1111111111111111,0.2222222222222222,0.0,0.2222222222222222,0.1111111111111111,{'property': 'convincing'},convincing,0.1111111111111111,0.3333333333333333,0.0,0.3333333333333333,0.2222222222222222,0.06666666666666667,0.0,0.22222222222222224,0.3333333333333333,0.15555555555555556,0.2222222222222222,{'property': 'reliable'},reliable,0.0,0.2222222222222222,0.0,0.2222222222222222,0.2222222222222222,{'property': 'opaque'},opaque,0.0,0.0,0.0,0.0,0.0,{'property': 'convincing'},convincing,0.1111111111111111,0.3333333333333333,0.0,0.3333333333333333,0.2222222222222222,{'property': 'convincing'},convincing,0.1111111111111111,0.3333333333333333,0.0,0.3333333333333333,0.2222222222222222,{'property': 'tangible'},tangible,0.0,0.0,0.0,0.0,0.0,0.04444444444444444,0.0,0.17777777777777776,0.3333333333333333,0.13333333333333333,0.2222222222222222
"In the first, one constructs the facts to suit the defects in the law, and if executed with any degree of intelligence, the criminal actor has nothing whatever to fear, and the law is as harmless as a painted devil.",a painted devil,devil,paint,dry,canceled,"(canceled, component, canceled)","(1, 4, 2)","(1, 1, 1)","(3, 5, 4)",0.0,1.0,0.0,0.9,False,0.3333333333333333,0.3333333333333333,"['{""property"": ""evil""}', '{""property"": ""evil""}', '{""property"": ""evil""}', '{""property"": ""evil""}', '{""property"": ""frightening""}']","['{""property"": ""evil""}', '{""property"": ""evil""}', '{""property"": ""evil""}', '{""property"": ""fearsome""}', '{""property"": ""fearsome""}']","['{""property"": ""frightening""}', '{""property"": ""fearsome""}', '{""property"": ""evil""}', '{""property"": ""evil""}', '{""property"": ""evil""}']",{'property': 'evil'},evil,0.3333333333333333,0.8888888888888888,0.0,0.8888888888888888,0.5555555555555556,{'property': 'evil'},evil,0.3333333333333333,0.8888888888888888,0.0,0.8888888888888888,0.5555555555555556,{'property': 'evil'},evil,0.3333333333333333,0.8888888888888888,0.0,0.8888888888888888,0.5555555555555556,{'property': 'evil'},evil,0.3333333333333333,0.8888888888888888,0.0,0.8888888888888888,0.5555555555555556,{'property': 'frightening'},frightening,0.3333333333333333,0.7777777777777778,0.0,0.7777777777777778,0.4444444444444445,0.3333333333333333,0.3333333333333333,0.8666666666666666,0.8888888888888888,0.5333333333333334,0.5555555555555556,{'property': 'evil'},evil,0.3333333333333333,0.8888888888888888,0.0,0.8888888888888888,0.5555555555555556,{'property': 'evil'},evil,0.3333333333333333,0.8888888888888888,0.0,0.8888888888888888,0.5555555555555556,{'property': 'evil'},evil,0.3333333333333333,0.8888888888888888,0.0,0.8888888888888888,0.5555555555555556,{'property': 'fearsome'},fearsome,0.5555555555555556,0.8888888888888888,0.0,0.8888888888888888,0.3333333333333332,{'property': 'fearsome'},fearsome,0.3333333333333333,0.8888888888888888,0.0,0.8888888888888888,0.5555555555555556,0.37777777777777777,0.3333333333333333,0.888888888888889,0.8888888888888888,0.5111111111111111,0.5555555555555556,{'property': 'frightening'},frightening,0.3333333333333333,0.7777777777777778,0.0,0.7777777777777778,0.4444444444444445,{'property': 'fearsome'},fearsome,0.3333333333333333,0.8888888888888888,0.0,0.8888888888888888,0.5555555555555556,{'property': 'evil'},evil,0.3333333333333333,0.8888888888888888,0.0,0.8888888888888888,0.5555555555555556,{'property': 'evil'},evil,0.3333333333333333,0.8888888888888888,0.0,0.8888888888888888,0.5555555555555556,{'property': 'evil'},evil,0.3333333333333333,0.8888888888888888,0.0,0.8888888888888888,0.5555555555555556,0.3333333333333333,0.3333333333333333,0.8666666666666666,0.8888888888888888,0.5333333333333334,0.5555555555555556
"And this is why it is impossible to feel that skilled shooting or foxhunting are as abominable as rabbit coursing, harehunting with beagles, or otterhunting.",rabbit coursing,coursing,rabbit,playful,canceled,"(canceled, component, canceled)","(2, 3, 2)","(2, 3, 2)","(4, 5, 4)",0.0,0.6666666666666666,0.5555555555555556,1.0,False,0.5555555555555556,0.5555555555555556,"['{""property"": ""cute""}', '{""property"": ""cute""}', '{""property"": ""gentle""}', '{""property"": ""gentle""}', '{""property"": ""cuddly""}']","['{""property"": ""gentle""}', '{""property"": ""cute""}', '{""property"": ""cute""}', '{""property"": ""cuddly""}', '{""property"": ""cute""}']","['{""property"": ""harmless""}', '{""property"": ""cute""}', '{""property"": ""domesticated""}', '{""property"": ""cute""}', '{""property"": ""cute""}']",{'property': 'cute'},cute,0.5555555555555556,0.0,0.8888888888888888,0.8888888888888888,0.3333333333333332,{'property': 'cute'},cute,0.5555555555555556,0.0,0.8888888888888888,0.8888888888888888,0.3333333333333332,{'property': 'gentle'},gentle,0.0,0.0,0.7777777777777778,0.7777777777777778,0.7777777777777778,{'property': 'gentle'},gentle,0.0,0.0,0.7777777777777778,0.7777777777777778,0.7777777777777778,{'property': 'cuddly'},cuddly,0.0,0.0,0.6666666666666666,0.6666666666666666,0.6666666666666666,0.22222222222222224,0.0,0.7999999999999999,0.8888888888888888,0.5777777777777777,0.7777777777777778,{'property': 'gentle'},gentle,0.1111111111111111,0.0,0.7777777777777778,0.7777777777777778,0.6666666666666667,{'property': 'cute'},cute,0.5555555555555556,0.0,0.8888888888888888,0.8888888888888888,0.3333333333333332,{'property': 'cute'},cute,0.5555555555555556,0.0,0.8888888888888888,0.8888888888888888,0.3333333333333332,{'property': 'cuddly'},cuddly,0.0,0.0,0.7777777777777778,0.7777777777777778,0.7777777777777778,{'property': 'cute'},cute,0.5555555555555556,0.0,0.8888888888888888,0.8888888888888888,0.3333333333333332,0.35555555555555557,0.0,0.8444444444444443,0.8888888888888888,0.4888888888888888,0.7777777777777778,{'property': 'harmless'},harmless,0.3333333333333333,0.1111111111111111,0.8888888888888888,0.8888888888888888,0.5555555555555556,{'property': 'cute'},cute,0.5555555555555556,0.0,0.8888888888888888,0.8888888888888888,0.3333333333333332,{'property': 'domesticated'},domesticated,0.2222222222222222,0.0,0.5555555555555556,0.5555555555555556,0.3333333333333333,{'property': 'cute'},cute,0.5555555555555556,0.0,0.8888888888888888,0.8888888888888888,0.3333333333333332,{'property': 'cute'},cute,0.5555555555555556,0.0,0.8888888888888888,0.8888888888888888,0.3333333333333332,0.4444444444444445,0.2222222222222222,0.8222222222222222,0.8888888888888888,0.3777777777777777,0.5555555555555556
"Its not as good as not burning coal, but its a profitable use of a formerly fairly useless by product.",not burning coal,coal,burn,fossilize,canceled,"(canceled, canceled, component)","(1, 1, 3)","(3, 5, 5)","(1, 1, 1)",1.0,0.0,1.0,0.966666667,False,0.0,1.0,"['{""property"": ""flammable""}', '{""property"": ""flammable""}', '{""property"": ""flammable""}', '{""property"": ""flammable""}', '{""property"": ""flammable""}']","['{""property"": ""flammable""}', '{""property"": ""flammable""}', '{""property"": ""flammable""}', '{""property"": ""flammable""}', '{""property"": ""flammable""}']","['{""property"": ""flammable""}', '{""property"": ""flammable""}', '{""property"": ""flammable""}', '{""property"": ""flammable""}', '{""property"": ""flammable""}']",{'property': 'flammable'},flammable,0.0,0.8888888888888888,1.0,1.0,1.0,{'property': 'flammable'},flammable,0.0,0.8888888888888888,1.0,1.0,1.0,{'property': 'flammable'},flammable,0.0,0.8888888888888888,1.0,1.0,1.0,{'property': 'flammable'},flammable,0.0,0.8888888888888888,1.0,1.0,1.0,{'property': 'flammable'},flammable,0.0,0.8888888888888888,1.0,1.0,1.0,0.0,0.0,1.0,1.0,1.0,1.0,{'property': 'flammable'},flammable,0.0,0.8888888888888888,1.0,1.0,1.0,{'property': 'flammable'},flammable,0.0,0.8888888888888888,1.0,1.0,1.0,{'property': 'flammable'},flammable,0.0,0.8888888888888888,1.0,1.0,1.0,{'property': 'flammable'},flammable,0.0,0.8888888888888888,1.0,1.0,1.0,{'property': 'flammable'},flammable,0.0,0.8888888888888888,1.0,1.0,1.0,0.0,0.0,1.0,1.0,1.0,1.0,{'property': 'flammable'},flammable,0.0,0.8888888888888888,1.0,1.0,1.0,{'property': 'flammable'},flammable,0.0,0.8888888888888888,1.0,1.0,1.0,{'property': 'flammable'},flammable,0.0,0.8888888888888888,1.0,1.0,1.0,{'property': 'flammable'},flammable,0.0,0.8888888888888888,1.0,1.0,1.0,{'property': 'flammable'},flammable,0.0,0.8888888888888888,1.0,1.0,1.0,0.0,0.0,1.0,1.0,1.0,1.0
"The night was as black as the interior of a camera, save whenas by the opening of a snapshot shutteran instantaneous view of the valley was fixed on Katherine's startled brain by the lightning ripping in fiery fissures down the sky.",the interior of a camera,interior,camera,focus,canceled,"(canceled, canceled, component)","(1, 1, 4)","(1, 1, 3)","(5, 4, 4)",0.4444444444444444,0.5555555555555556,0.3333333333333333,0.944444444,False,1.0,1.0,"['{""property"": ""visible""}', '{""property"": ""visible""}', '{""property"": ""visible""}', '{""property"": ""portable""}', '{""property"": ""portable""}']","['{""property"": ""portable""}', '{""property"": ""visible""}', '{""property"": ""visible""}', '{""property"": ""visible""}', '{""property"": ""visible""}']","['{""property"": ""visible""}', '{""property"": ""dark""}', '{""property"": ""waterproof""}', '{""property"": ""visible""}', '{""property"": ""visible""}']",{'property': 'visible'},visible,0.0,0.3333333333333333,0.3333333333333333,0.3333333333333333,0.3333333333333333,{'property': 'visible'},visible,0.0,0.3333333333333333,0.5555555555555556,0.5555555555555556,0.5555555555555556,{'property': 'visible'},visible,0.0,0.3333333333333333,0.5555555555555556,0.5555555555555556,0.5555555555555556,{'property': 'portable'},portable,0.0,0.0,0.7777777777777778,0.7777777777777778,0.7777777777777778,{'property': 'portable'},portable,0.0,0.0,0.7777777777777778,0.7777777777777778,0.7777777777777778,0.0,0.0,0.6,0.7777777777777778,0.6,0.7777777777777778,{'property': 'portable'},portable,0.0,0.0,0.6666666666666666,0.6666666666666666,0.6666666666666666,{'property': 'visible'},visible,0.0,0.3333333333333333,0.7777777777777778,0.7777777777777778,0.7777777777777778,{'property': 'visible'},visible,0.0,0.3333333333333333,0.5555555555555556,0.5555555555555556,0.5555555555555556,{'property': 'visible'},visible,0.0,0.3333333333333333,0.3333333333333333,0.3333333333333333,0.3333333333333333,{'property': 'visible'},visible,0.0,0.3333333333333333,0.5555555555555556,0.5555555555555556,0.5555555555555556,0.0,0.0,0.5777777777777778,0.7777777777777778,0.5777777777777778,0.7777777777777778,{'property': 'visible'},visible,0.0,0.3333333333333333,0.3333333333333333,0.3333333333333333,0.3333333333333333,{'property': 'dark'},dark,0.8888888888888888,0.3333333333333333,0.0,0.3333333333333333,0.0,{'property': 'waterproof'},waterproof,0.0,0.2222222222222222,0.3333333333333333,0.3333333333333333,0.3333333333333333,{'property': 'visible'},visible,0.0,0.3333333333333333,0.3333333333333333,0.3333333333333333,0.3333333333333333,{'property': 'visible'},visible,0.0,0.3333333333333333,0.5555555555555556,0.5555555555555556,0.5555555555555556,0.17777777777777776,0.0,0.37777777777777777,0.5555555555555556,0.3111111111111111,0.5555555555555556
"kind of like stringy steak , said dmitri around a mouthful of wolf .",stringy steak,steak,stringy,good,canceled,"(canceled, canceled, canceled)","(1, 1, 1)","(4, 4, 5)","(2, 2, 2)",0.4444444444444445,0.1111111111111111,0.5555555555555556,0.2,False,0.1111111111111111,0.5555555555555556,"['{""property"": ""tender""}', '{""property"": ""tender""}', '{""property"": ""tender""}', '{""property"": ""tender""}', '{""property"": ""tender""}']","['{""property"": ""tender""}', '{""property"": ""tender""}', '{""property"": ""tender""}', '{""property"": ""tender""}', '{""property"": ""tender""}']","['{""property"": ""tender""}', '{""property"": ""tender""}', '{""property"": ""tender""}', '{""property"": ""tender""}', '{""property"": ""tender""}']",{'property': 'tender'},tender,0.0,0.5555555555555556,0.0,0.5555555555555556,0.5555555555555556,{'property': 'tender'},tender,0.0,0.5555555555555556,0.0,0.5555555555555556,0.5555555555555556,{'property': 'tender'},tender,0.0,0.5555555555555556,0.0,0.5555555555555556,0.5555555555555556,{'property': 'tender'},tender,0.0,0.5555555555555556,0.0,0.5555555555555556,0.5555555555555556,{'property': 'tender'},tender,0.0,0.5555555555555556,0.0,0.5555555555555556,0.5555555555555556,0.0,0.0,0.5555555555555556,0.5555555555555556,0.5555555555555556,0.5555555555555556,{'property': 'tender'},tender,0.0,0.5555555555555556,0.0,0.5555555555555556,0.5555555555555556,{'property': 'tender'},tender,0.0,0.5555555555555556,0.0,0.5555555555555556,0.5555555555555556,{'property': 'tender'},tender,0.0,0.5555555555555556,0.0,0.5555555555555556,0.5555555555555556,{'property': 'tender'},tender,0.0,0.5555555555555556,0.0,0.5555555555555556,0.5555555555555556,{'property': 'tender'},tender,0.0,0.5555555555555556,0.0,0.5555555555555556,0.5555555555555556,0.0,0.0,0.5555555555555556,0.5555555555555556,0.5555555555555556,0.5555555555555556,{'property': 'tender'},tender,0.0,0.5555555555555556,0.0,0.5555555555555556,0.5555555555555556,{'property': 'tender'},tender,0.0,0.5555555555555556,0.0,0.5555555555555556,0.5555555555555556,{'property': 'tender'},tender,0.0,0.5555555555555556,0.0,0.5555555555555556,0.5555555555555556,{'property': 'tender'},tender,0.0,0.5555555555555556,0.0,0.5555555555555556,0.5555555555555556,{'property': 'tender'},tender,0.0,0.5555555555555556,0.0,0.5555555555555556,0.5555555555555556,0.0,0.0,0.5555555555555556,0.5555555555555556,0.5555555555555556,0.5555555555555556
